46 35 82 34 61 36 39 99 
79 44 
47 5 14 18 18 16 2 39 3 22 48 30 29 17 4 0 46 9 24 40 33 23 20 7 1 41 27 32 21 26 13 6 15 38 35 31 28 43 42 12 49 
47 23 15 27 42 33 18 18 43 14 46 26 13 6 21 7 41 2 0 24 39 3 28 22 30 4 44 20 9 40 1 32 
47 18 14 1 6 9 4 
43 44 79 36 
45 15 62 17 69 33 71 48 
27 14 
47 5 14 1 6 9 4 16 2 42 
47 23 27 39 3 14 1 43 26 13 6 9 4 21 7 41 16 2 22 0 24 28 40 32 20 15 42 38 33 18 18 
47 23 27 3 14 1 13 6 33 31 15 17 9 4 21 7 41 2 0 28 40 32 
74 18 57 
47 23 14 1 6 38 35 33 31 29 22 9 41 16 2 37 18 0 15 4 48 20 
61 82 34 
47 23 27 3 14 13 35 31 22 21 41 2 33 15 24 
30 21 47 23 39 3 13 14 1 43 26 6 29 22 9 7 0 33 15 2 4 
91 6 72 83 0 58 
30 21 47 5 13 1 43 6 38 35 31 17 42 41 40 22 9 7 16 37 0 33 15 2 36 4 28 48 32 18 20 19 25 46 49 29 23 44 14 
31 10 14 55 22 85 
30 47 13 1 43 6 35 31 17 42 41 22 9 18 16 0 32 33 15 2 4 48 44 25 20 29 
43 44 6 58 91 72 
6 58 
75 9 24 33 45 17 62 
30 21 47 5 27 22 14 0 41 39 3 24 13 1 43 48 29 17 4 26 6 38 35 31 40 9 16 2 7 37 32 18 18 36 23 15 28 25 42 20 33 46 49 
43 44 6 58 
13 5 92 22 85 40 88 
81 43 44 79 1 36 34 
33 18 
33 17 
23 15 30 21 47 5 27 22 14 0 43 42 41 39 3 24 33 18 18 13 1 48 29 17 4 26 6 38 31 40 46 9 16 2 7 37 32 36 28 25 20 
15 30 21 47 27 22 0 43 42 41 33 18 13 1 48 17 4 26 6 38 35 31 40 46 9 16 2 7 37 32 28 25 20 29 44 49 14 
58 
33 15 30 21 47 43 41 14 13 4 6 46 42 16 2 32 22 
43 44 6 58 91 72 
75 9 33 17 45 62 24 
47 17 2 32 25 44 23 48 
33 15 30 21 27 47 46 43 3 18 26 7 13 6 42 38 40 23 2 32 22 20 28 25 41 
79 44 
49 21 27 26 7 31 18 29 
49 33 15 30 29 0 47 44 25 2 1 48 17 4 31 18 6 16 35 23 9 14 22 32 
