46 35 82 34 61 36 39 99 
78 79 
47 5 14 18 16 2 39 3 22 48 30 29 17 4 0 46 27 25 23 9 24 40 33 20 7 1 42 21 41 32 26 13 6 15 38 35 31 
23 15 27 42 33 18 43 47 46 26 13 6 21 7 41 0 24 28 3 44 20 9 22 14 39 48 30 29 17 4 40 32 
42 18 14 1 22 21 20 
43 2 44 78 
24 93 45 15 62 80 75 50 
38 33 
41 23 2 13 9 4 14 6 42 18 
39 3 14 47 5 18 16 2 22 24 48 30 29 17 4 0 27 40 32 21 20 41 26 13 6 28 46 9 25 23 15 
29 40 39 33 23 20 7 2 1 0 38 35 31 15 14 17 22 21 13 12 6 30 
42 25 90 
47 32 18 17 29 22 38 37 15 4 14 30 21 48 44 25 2 13 49 31 6 41 
61 46 82 
40 39 33 23 20 7 2 1 0 29 17 15 38 35 31 
30 21 14 13 38 37 18 41 23 2 29 22 6 33 9 4 15 49 31 47 32 
91 6 72 77 83 0 
42 41 40 6 48 32 18 22 9 28 30 17 47 29 21 35 31 23 1 15 4 44 25 2 38 37 43 33 46 16 13 14 49 
31 10 14 55 22 40 
18 17 47 32 44 25 2 29 22 48 41 30 38 37 21 6 49 31 42 40 15 4 14 43 0 46 
96 47 56 77 2 43 
6 58 
50 80 12 75 9 55 93 
22 14 0 41 24 48 30 29 17 4 26 13 6 16 2 39 3 18 23 15 43 42 46 9 27 47 5 7 33 21 28 25 40 32 20 1 44 31 
56 47 96 2 
26 13 5 49 30 92 22 
78 84 2 53 94 81 19 
41 0 
80 75 
23 15 43 42 27 33 18 26 13 6 47 46 41 0 21 7 24 28 3 22 14 44 20 9 39 48 30 29 17 4 16 2 40 32 5 49 31 
41 42 40 30 48 32 18 17 47 29 21 6 44 25 2 22 43 38 37 46 16 13 15 4 49 31 9 14 0 33 1 28 35 
96 
49 33 48 17 44 29 23 14 31 16 9 46 43 42 13 41 2 
56 47 96 2 43 77 
75 9 33 80 17 12 50 
30 41 29 21 6 18 17 42 
47 46 27 26 21 7 42 33 18 15 23 43 13 6 44 20 9 28 3 41 24 0 22 30 14 
79 78 
49 31 18 29 22 44 25 2 
29 44 25 2 48 30 14 0 33 31 16 6 1 9 43 41 46 42 13 49 18 21 17 23 
