0 2092 
182 828 411 702 786 742 90 176 596 193 89 986 535 783 927 323 0 794 573 871 766 101 610 98 623 501 663 524 801 142 704 613 378 198 187 244 737 645 351 174 144 234 833 798 796 384 504 24 751 173 301 590 787 636 65 531 687 135 489 895 291 186 8 910 369 103 406 508 676 74 400 70 217 162 644 483 332 397 443 253 883 525 452 458 572 16 930 330 611 36 163 732 594 214 615 
963 1114 4868 5219 
141 945 324 301 411 244 652 102 426 627 90 609 439 86 499 61 989 674 564 597 573 873 340 782 545 263 217 909 5 198 191 307 496 614 586 408 425 280 798 839 796 465 896 876 305 88 66 292 570 65 560 335 162 152 892 858 745 895 555 78 520 577 549 744 802 111 508 443 591 206 400 633 345 983 641 593 810 483 920 397 700 412 611 110 866 155 36 163 739 214 342 574 971 
411 786 742 90 323 101 623 663 524 801 351 408 384 173 531 687 135 489 291 186 8 910 103 74 70 883 525 452 930 866 594 214 702 
9 6 0 1 5 11 7 8 13 2092 
19 13 0 11 5 21 24 25 320 
828 411 702 927 674 766 101 16 142 496 174 408 234 833 384 24 173 292 687 335 115 745 895 297 508 345 70 593 644 452 930 412 611 199 342 574 158 288 843 648 184 723 352 346 59 315 387 771 403 255 760 337 557 129 803 364 466 482 566 224 85 738 507 683 109 533 678 853 180 376 370 442 880 692 826 356 518 42 79 821 629 82 681 859 897 365 758 445 
828 674 16 142 408 234 384 24 173 687 115 745 593 342 158 648 387 771 255 337 466 482 738 683 853 376 880 356 644 
141 989 274 798 465 88 498 548 560 335 152 894 954 115 678 78 153 533 972 753 297 443 837 738 507 400 983 810 397 880 821 692 611 866 128 739 199 370 28 200 842 505 923 164 779 21 125 352 451 298 917 52 344 484 495 919 685 553 269 242 319 931 196 32 576 716 766 
9 1 12 6 14 17 18 6507 
7 5 0 8 1114 
3 2 4 963 
6306 3017 485 7506 7536 6963 7842 8245 
0 4798 
3897 
320 3384 3225 3248 6507 7151 7632 8674 
141 627 989 766 873 663 274 408 798 465 88 498 548 560 335 162 152 894 954 115 678 78 153 533 972 753 297 443 837 738 507 400 553 983 810 397 880 821 575 692 611 451 866 155 128 739 505 199 370 28 21 936 200 803 923 779 352 495 164 344 484 917 52 556 685 269 47 319 576 919 
141 989 88 548 560 894 443 837 810 821 611 451 199 779 21 370 923 200 352 917 319 280 772 768 519 970 487 954 
17 12 20 54 47 5050 
1227 373 1448 2124 1550 1345 2923 3510 3725 
2063 54 905 2548 2271 3587 2886 5050 4498 6046 
766 263 16 801 408 234 798 751 577 802 837 738 644 452 458 611 155 200 218 842 532 315 953 300 668 554 67 639 960 270 721 772 466 109 429 673 479 530 261 541 957 417 764 37 686 424 161 212 437 227 565 601 767 963 398 368 49 474 30 765 669 675 185 666 380 969 986 
141 989 465 88 548 560 894 954 678 78 297 533 443 837 810 611 199 821 451 739 779 21 370 923 200 352 164 484 917 52 319 344 
141 589 572 783 794 871 101 184 712 651 251 623 16 909 142 611 737 895 174 144 397 214 670 798 24 162 504 587 751 910 458 74 330 452 400 615 186 8 59 548 787 636 778 346 443 687 644 387 
796 108 992 749 451 130 788 72 717 367 633 745 276 
273 301 749 589 613 459 650 572 332 189 559 104 794 514 480 276 577 704 782 5 751 763 737 614 502 397 722 234 162 355 587 173 883 8 250 531 778 644 315 42 892 678 463 78 797 972 753 300 508 364 662 272 223 202 866 163 242 779 131 950 304 303 540 900 359 495 755 476 14 561 10 349 954 
458 330 141 324 400 749 74 214 397 589 332 186 8 101 613 650 86 611 89 842 783 572 189 323 794 564 597 573 871 531 672 610 98 184 712 651 251 577 103 406 623 369 663 607 366 16 909 801 732 910 142 751 315 191 895 737 384 797 645 723 162 346 174 24 570 560 153 300 125 144 979 502 670 218 798 504 587 202 525 452 615 264 59 387 135 787 636 778 443 687 644 594 291 410 229 532 70 556 356 704 
1448 1345 2124 3488 3725 
0 5 3 4 7 8 10 3725 
54 2548 905 5050 6004 2886 6046 6132 
433 1017 849 3462 2418 3464 
74 783 184 545 162 755 539 930 601 428 447 763 
828 593 6 107 518 572 648 
16 639 466 479 227 49 212 
954 141 397 451 627 611 842 989 712 798 465 548 88 443 560 335 894 115 678 78 153 533 972 692 753 297 837 738 507 983 810 880 821 575 866 128 739 505 199 242 779 21 370 28 923 200 290 803 269 352 495 164 344 970 484 919 685 917 280 576 52 931 319 196 32 716 429 18 768 772 11 109 553 788 
8674 
20 47 2 66 146 130 92 155 156 7506 
828 411 702 101 927 674 745 184 557 760 142 315 384 723 346 496 174 408 234 833 24 173 452 292 59 687 644 387 335 145 678 356 111 70 508 738 345 593 880 683 821 412 365 342 79 574 950 288 843 648 789 629 376 803 107 681 352 518 523 673 572 238 859 957 771 541 255 403 808 150 6 566 34 542 436 720 42 129 826 85 224 109 180 389 471 780 156 271 526 139 853 895 
849 
65 2 20 47 15 66 92 126 7506 
6132 
199 451 
6 1 6507 
0 21 11 24 19 27 22 25 36 3725 
5050 
182 214 411 244 702 101 717 633 745 340 704 557 760 878 187 315 895 346 496 174 502 274 408 833 24 587 305 452 424 264 292 59 778 443 644 686 560 135 335 115 606 145 629 678 964 410 106 356 111 508 591 930 738 345 641 483 79 364 83 223 821 412 365 28 342 523 255 403 574 950 97 192 648 42 789 376 143 518 771 951 681 150 673 572 107 957 639 720 34 917 64 580 870 413 979 
54 17 12 59 100 89 103 905 
458 301 182 434 130 186 89 72 104 948 651 658 371 263 533 909 878 966 307 496 351 253 740 51 449 504 465 876 883 778 972 655 291 520 414 667 206 345 334 593 810 52 662 163 416 7 950 93 192 177 476 541 561 432 576 205 270 
954 141 451 923 611 989 766 533 548 88 199 779 21 738 507 443 560 335 894 297 957 837 810 821 692 739 370 472 200 897 
330 102 115 611 367 766 971 16 297 895 773 862 199 590 507 343 549 897 158 692 200 950 803 50 584 270 913 715 231 67 683 373 337 354 
8245 
141 451 923 989 779 21 548 88 443 560 894 837 810 821 370 200 352 970 917 280 319 768 954 
954 141 214 397 451 627 923 115 439 788 611 842 633 340 712 658 760 533 297 198 779 21 798 465 199 548 88 738 507 443 343 972 560 335 894 678 78 153 753 837 345 983 810 52 880 821 575 692 866 128 739 505 242 370 28 689 200 290 803 518 269 352 495 164 344 970 484 919 685 917 553 576 64 413 457 922 997 931 319 196 32 581 716 718 733 11 429 18 768 772 109 780 395 117 519 487 450 989 
277 2124 1448 1345 3488 2923 3725 
371 177 
451 894 821 923 
19 15 11 8 20 21 24 7506 
451 970 487 450 319 548 894 821 370 923 
330 992 749 214 540 977 921 652 786 589 8 788 783 936 764 22 717 203 932 633 745 480 672 961 712 240 215 658 784 557 760 406 545 369 366 238 533 838 825 910 987 297 315 624 191 177 541 567 510 106 496 673 681 648 957 821 502 890 253 161 18 572 438 277 641 587 107 202 195 427 518 775 465 283 859 305 111 282 880 523 226 629 590 903 930 778 644 686 560 335 555 808 255 9 473 993 300 356 414 206 
323 933 248 3954 1800 3162 1639 5908 7045 7266 
125 0 107 223 188 3725 
611 16 263 673 161 424 738 639 466 554 429 772 437 227 479 417 212 49 802 
458 650 611 842 764 766 16 577 545 263 801 751 315 673 957 408 218 234 161 424 738 644 686 300 532 802 837 601 155 200 639 466 953 270 668 554 721 814 67 460 429 772 885 109 437 227 37 530 261 767 212 479 417 541 
458 992 650 611 986 842 764 766 16 577 545 263 533 801 297 187 751 315 541 673 957 408 218 234 161 798 452 424 738 644 686 300 532 802 837 237 907 601 155 416 200 639 466 953 441 270 904 668 554 721 814 67 536 960 11 429 30 772 380 666 368 963 109 565 437 227 37 271 117 530 261 767 212 558 453 479 417 398 834 474 185 49 669 969 675 399 302 909 
18 10 7 22 16 8674 
13 5 16 10 18 22 23 3464 
712 577 876 708 678 40 224 92 770 279 979 
16 263 460 212 466 
1 6 9 1800 
141 945 301 182 828 411 244 977 652 426 451 303 923 176 596 193 788 611 89 986 783 499 764 927 323 0 597 843 932 871 766 633 253 676 873 240 577 623 217 406 501 288 909 5 524 801 878 489 297 378 198 187 191 177 737 346 307 496 351 614 648 295 586 425 24 726 668 449 641 504 423 403 163 173 896 305 883 590 387 319 951 523 629 36 250 216 209 382 508 570 59 483 787 65 
954 945 37 898 502 858 983 199 111 903 255 928 575 416 376 
13 5 7 23 22 3462 
54 59 12 17 89 84 100 905 
458 954 992 650 611 986 842 499 764 22 794 766 37 16 577 557 545 263 533 909 801 297 187 751 315 541 673 957 408 218 234 161 798 668 452 424 491 88 738 644 686 907 67 200 300 532 802 837 237 601 155 268 416 441 639 466 953 270 904 554 721 536 772 109 960 11 429 30 380 666 368 963 565 437 227 453 479 271 117 530 261 748 552 767 212 558 417 398 834 474 185 49 669 792 675 399 814 
16 424 466 
2653 1448 1345 3488 2124 3725 
397 276 176 7 184 612 801 239 702 
737 4545 33 1758 4127 4823 4675 4960 
796 324 301 214 451 627 788 61 843 633 340 712 760 198 295 18 390 345 518 221 343 810 413 575 457 689 290 803 64 922 997 772 440 581 780 109 718 733 505 893 945 
25 0 21 19 11 26 24 27 5271 
21 8 3 22 11 6869 
458 992 650 611 986 842 499 764 766 37 16 577 545 263 533 909 801 297 187 751 315 541 673 957 408 218 234 161 798 668 644 814 452 237 424 738 686 907 67 200 300 532 802 554 837 601 155 268 416 441 639 466 953 270 904 721 530 261 536 772 109 212 960 767 117 479 429 11 30 380 666 565 368 398 963 453 437 227 474 765 185 669 271 302 969 49 558 417 817 954 
1 6 9 6869 
25 0 21 11 19 26 24 27 5271 
570 499 796 141 945 324 301 400 555 305 214 434 244 977 652 102 426 451 627 90 586 633 345 609 439 193 788 86 307 641 593 7 61 936 425 802 111 989 674 423 403 564 597 843 573 382 971 745 873 340 480 191 66 700 412 920 712 577 371 88 760 288 217 443 408 708 292 198 315 163 614 200 36 162 295 274 4 810 18 858 78 798 221 390 483 726 839 195 518 644 508 643 590 319 335 894 178 548 961 
458 650 611 842 802 764 957 263 766 16 88 858 898 408 292 751 315 200 424 437 227 234 673 218 161 601 668 565 644 814 452 686 738 554 907 67 300 532 837 639 479 155 973 963 376 466 953 270 772 530 960 983 
8879 963 1114 5219 9130 4868 9468 9489 
2 6082 
92 66 47 158 6082 
458 650 611 802 764 263 766 16 751 315 200 424 437 227 673 218 161 601 668 565 644 270 686 738 554 300 837 639 479 963 466 953 368 772 109 212 767 380 429 185 969 49 417 675 957 
0 5271 
611 802 764 263 766 16 200 424 437 227 673 218 161 601 668 565 644 686 738 554 300 837 639 479 963 466 953 212 368 270 772 109 767 380 969 49 429 
458 74 650 611 842 783 802 764 957 263 871 766 37 184 16 577 408 801 161 751 315 200 424 541 437 227 673 218 234 601 565 70 572 668 644 643 814 885 460 178 789 686 738 554 944 463 67 300 532 718 364 219 837 172 639 909 
17 12 8442 
458 751 954 273 141 301 749 589 540 397 514 332 8 276 303 613 459 355 650 307 72 535 189 315 794 250 559 104 323 572 688 473 531 577 480 784 704 782 898 5 838 987 163 763 614 737 797 162 779 512 502 890 272 722 234 662 78 726 438 223 202 983 587 107 644 242 173 508 883 893 585 282 615 834 885 216 755 778 972 892 463 471 129 482 835 753 300 897 3 900 718 364 680 457 961 
451 923 989 21 970 487 821 319 894 548 560 772 280 450 
332 613 459 763 614 223 202 173 778 300 718 794 
7506 
301 182 434 307 7 104 263 766 658 371 909 163 177 541 567 496 351 810 662 465 883 343 972 655 291 520 692 897 414 206 334 466 158 416 337 93 561 822 267 432 156 507 
0 5271 
26 11 0 24 19 36 21 25 45 5271 
332 90 124 290 841 843 672 406 878 884 349 145 591 737 437 724 483 809 131 814 620 716 903 686 85 
1 5219 
18 490 3502 2987 621 5642 6523 8690 8698 
828 593 674 745 184 408 142 541 384 723 673 681 648 234 107 518 644 173 859 387 880 523 59 85 738 471 342 853 706 156 808 255 356 758 80 572 436 6 566 826 683 780 823 82 151 806 821 
458 796 223 945 301 182 538 365 214 434 810 915 177 414 130 186 465 345 359 7 307 593 89 72 22 315 927 104 948 180 263 452 878 806 871 253 5 66 651 658 371 840 784 690 533 909 524 55 987 541 163 614 667 567 797 10 576 972 966 496 351 502 234 662 740 51 706 527 755 983 504 117 118 861 173 362 643 876 883 958 750 487 226 441 767 65 505 
458 751 499 954 992 650 611 986 842 802 764 22 315 794 957 263 452 766 577 37 16 557 88 545 408 533 909 801 297 187 541 200 424 437 227 673 234 218 161 798 601 668 565 117 644 362 814 834 792 441 491 767 686 738 554 907 67 721 300 532 479 837 639 237 466 453 268 558 155 953 416 963 530 261 302 960 212 368 748 270 772 429 904 30 11 109 536 398 380 474 666 552 185 669 817 399 969 49 417 840 
458 611 802 764 315 263 766 16 424 437 227 673 300 218 161 601 668 565 644 767 686 738 554 479 837 639 466 953 963 368 270 772 429 109 212 957 
108 796 330 749 903 130 992 921 620 451 72 633 115 641 842 717 111 290 367 878 745 253 557 37 191 610 406 133 866 651 784 760 590 693 282 145 987 980 575 624 727 424 463 162 216 207 100 512 346 625 
849 3462 
365 828 702 101 345 115 611 593 315 927 674 180 403 957 452 843 806 745 184 16 840 760 288 238 408 292 142 145 297 541 384 723 346 174 673 681 648 821 234 274 833 24 706 107 518 644 173 199 508 876 859 387 880 335 523 789 629 59 85 738 771 352 687 823 79 192 471 129 808 255 356 70 158 869 376 466 342 758 139 574 337 97 80 803 150 40 599 442 720 436 853 224 6 988 566 109 826 683 156 
2271 54 2886 905 2548 5050 6046 
330 954 141 465 702 810 614 451 92 923 129 355 611 834 496 80 989 280 253 866 88 904 727 814 590 443 533 297 200 779 21 
954 141 465 810 451 923 115 611 989 88 443 533 297 200 779 21 576 821 78 560 319 894 507 837 548 280 772 798 335 242 199 970 487 450 738 352 678 739 753 52 370 269 931 196 32 164 344 484 917 429 11 768 972 
6 9 1 32 28 2548 
54 17 12 59 905 
384 648 234 107 518 880 523 158 
499 182 614 649 276 101 788 535 114 22 794 453 203 557 840 88 612 904 501 590 803 844 898 292 378 200 36 239 362 161 736 858 527 755 508 604 59 893 894 958 885 491 578 553 232 907 999 9 759 70 201 548 376 35 268 416 973 254 175 748 967 41 992 
3897 
1345 1095 296 277 1603 1448 1971 4467 
17 12 54 905 
17 6 32 48 84 
31 10 18 16 34 40 43 8674 
301 182 465 434 810 177 414 307 496 104 371 343 206 337 93 766 658 909 541 351 883 291 482 520 334 466 416 897 
5 7 13 3462 
108 751 330 465 540 397 102 702 514 810 614 414 649 92 8 586 276 410 367 176 129 355 788 548 7 611 834 496 253 453 516 80 745 576 610 184 240 814 251 655 463 612 560 727 895 798 335 590 171 292 801 910 987 805 424 239 645 966 78 218 773 280 25 736 706 839 212 561 242 518 992 
12 905 
458 751 530 261 234 16 650 611 842 802 764 315 453 466 957 263 452 766 577 37 814 798 408 801 200 424 437 227 673 300 218 161 601 668 565 212 644 837 639 767 686 738 554 67 479 721 532 963 270 772 969 953 155 429 368 30 109 992 
458 751 530 261 234 16 650 611 842 802 764 315 466 957 263 766 577 37 814 408 801 200 424 437 227 673 300 218 161 601 668 565 212 644 767 686 738 554 67 479 532 837 639 969 953 558 155 963 30 429 960 368 270 772 109 398 474 675 380 185 49 417 669 
19 11 21 9981 
11 0 19 5271 
7266 
24 0 11 19 25 21 5271 
458 751 16 650 611 802 764 315 466 263 766 200 424 437 227 673 300 218 161 601 668 565 212 644 767 686 738 554 479 837 639 969 953 963 368 429 270 772 109 380 49 417 675 957 
365 828 411 234 101 345 129 593 315 927 496 80 674 180 957 452 843 806 745 557 184 840 760 288 508 107 174 238 408 145 541 79 384 723 673 681 648 821 833 24 706 518 376 644 445 173 771 59 859 352 387 880 523 789 629 85 738 687 823 572 471 808 255 356 70 869 342 139 758 950 574 150 803 34 436 442 720 542 853 224 6 42 895 
26 11 0 19 21 56 25 24 60 849 
408 106 821 107 738 518 523 572 687 
828 702 234 101 345 129 593 315 927 80 674 180 403 957 452 843 806 745 184 840 760 288 335 174 238 408 292 145 541 384 723 346 673 821 833 24 706 107 518 376 644 173 771 59 859 387 880 523 789 629 578 85 738 687 352 471 808 255 356 70 869 342 758 574 803 599 436 442 720 542 853 224 6 566 109 826 156 389 572 681 648 474 82 151 112 399 271 818 317 635 467 249 780 169 683 823 
828 16 706 107 158 
8674 
458 751 330 400 74 214 384 895 623 531 332 186 8 174 144 16 101 369 323 103 452 866 663 607 366 524 801 732 910 79 723 162 4 
3705 301 5036 
47 2 66 92 158 146 163 6082 
570 458 330 141 324 400 366 538 74 214 589 732 244 384 332 810 915 895 620 531 90 607 186 8 16 72 218 323 103 101 369 129 723 650 86 611 641 842 783 672 189 315 797 577 794 290 0 841 564 5 191 346 184 712 651 215 251 560 202 264 801 910 979 187 624 397 162 100 437 300 502 724 670 385 280 736 24 390 587 460 178 956 226 689 930 554 572 192 739 482 153 356 623 
849 433 1017 2418 3464 3462 5741 6350 
5336 3302 2509 280 4987 6712 4760 6962 7071 
8144 
1345 3897 
11 0 19 24 21 5271 
16 218 611 802 764 466 263 766 424 437 227 673 161 668 212 686 738 554 479 639 969 953 368 429 270 772 109 49 417 675 
29 4 37 3 46 49 55 8245 
8698 
0 5271 
788 649 101 114 590 292 297 200 36 268 736 858 527 376 563 894 958 885 578 232 907 973 254 
954 141 465 810 451 923 115 611 842 989 576 866 658 560 88 798 335 443 533 297 200 397 779 21 692 972 821 78 983 117 242 199 894 970 487 450 319 880 716 553 738 507 352 678 739 153 753 685 128 772 837 52 919 370 269 931 196 32 429 164 344 484 917 11 768 519 548 
451 21 821 894 970 487 450 319 548 923 
11 0 19 5271 
108 796 749 992 903 130 921 451 72 367 633 115 641 842 425 717 111 253 290 878 745 557 37 191 66 610 346 760 133 651 655 463 784 145 987 980 805 624 424 162 216 512 502 821 890 736 18 601 390 791 561 775 883 585 387 548 949 441 716 686 65 738 606 594 415 352 471 153 464 356 677 788 
182 365 214 411 244 702 895 410 101 22 315 496 111 403 452 557 340 412 961 346 560 690 335 408 292 91 145 187 591 79 424 106 207 673 274 833 24 212 376 445 771 59 460 629 578 192 778 687 606 135 678 964 3 364 413 172 83 928 940 28 950 139 54 150 97 42 143 580 64 34 599 361 844 720 568 917 542 853 224 913 777 747 646 11 109 320 389 681 951 
301 214 384 742 90 466 98 202 264 408 779 351 173 691 930 135 291 786 
15 8 21 3 4 19 25 29 8245 
66 47 6082 
458 751 530 261 992 234 16 218 650 611 986 842 834 802 764 315 577 453 466 263 452 766 37 814 904 798 545 644 408 533 909 801 554 297 721 187 541 200 424 686 437 227 479 673 268 300 161 601 668 565 212 117 792 441 767 738 907 67 532 837 639 237 969 953 416 155 302 963 429 960 368 270 772 30 11 109 536 398 675 380 474 666 185 669 817 399 49 417 271 765 99 957 
963 8879 
349 587 882 10 447 588 241 753 972 
828 384 234 129 593 927 80 674 180 957 452 843 806 745 184 840 288 644 238 408 541 673 821 706 107 518 173 59 859 387 880 523 85 738 869 151 687 352 823 471 808 356 70 342 758 803 436 442 542 853 6 566 109 826 156 389 683 681 648 474 82 112 572 255 399 271 818 317 635 467 249 780 169 286 723 
2124 1345 3897 
458 751 234 16 218 650 611 842 802 764 315 466 957 263 766 814 644 408 554 200 424 686 437 227 479 673 300 161 601 668 565 212 767 738 67 532 837 639 969 953 963 30 429 368 270 772 109 675 380 185 669 49 417 801 
223 182 915 451 92 655 585 369 115 535 577 37 794 909 625 0 203 403 806 651 67 712 240 560 727 217 264 590 408 55 979 187 591 763 36 106 321 673 4 773 390 876 30 118 498 357 518 684 848 669 708 
64 16 95 150 135 8674 
4798 
7 5 8 5793 
108 410 751 330 465 540 253 702 514 895 614 649 92 8 586 276 655 218 923 176 129 355 814 7 611 904 727 834 576 453 516 80 590 610 184 612 25 251 463 548 264 171 801 910 805 424 239 397 242 773 736 839 518 706 212 561 354 771 788 
7822 
458 751 16 218 650 611 802 764 315 466 263 766 644 554 200 424 686 437 227 479 673 300 161 601 668 565 212 767 738 837 639 969 953 963 380 368 429 772 270 109 49 417 675 957 
828 411 702 384 234 101 345 129 723 593 315 927 80 674 180 403 957 452 843 806 745 346 760 184 840 288 644 238 408 292 145 541 79 673 821 833 24 706 107 518 376 445 173 771 59 859 387 880 523 789 629 578 85 738 687 352 823 471 808 356 70 869 150 156 42 342 758 574 950 139 389 249 803 648 365 34 436 442 720 826 542 853 224 6 508 174 566 109 683 572 895 
8 5 5793 
972 751 587 223 301 749 10 589 540 514 332 588 241 620 234 614 531 8 276 72 303 753 613 459 129 650 359 307 189 315 577 794 250 559 104 466 5 480 866 463 704 690 202 644 898 171 838 721 163 763 737 397 162 779 502 242 300 78 722 662 347 755 107 561 848 131 173 883 958 885 471 553 738 778 337 572 823 892 42 897 900 718 364 457 940 455 370 950 139 472 797 304 175 733 143 580 476 492 893 
349 992 182 214 623 786 742 276 596 359 593 89 727 834 755 22 577 794 496 559 104 590 782 957 765 573 232 712 251 371 202 644 825 980 541 591 163 763 624 239 161 272 25 833 565 983 30 498 357 684 848 669 32 487 880 441 471 789 539 689 192 879 431 698 52 97 800 265 361 77 813 881 175 389 143 374 568 844 
3236 282 972 6012 4287 3457 6155 4354 6710 
410 330 301 749 253 102 895 414 297 90 928 16 367 115 355 611 904 727 576 496 590 466 766 971 67 760 251 217 663 171 838 910 378 200 907 966 321 385 773 736 347 675 561 862 354 199 136 460 956 158 507 343 97 337 327 194 482 549 939 897 556 969 299 950 803 715 50 208 584 270 661 913 231 867 373 
163 963 1114 5219 5285 4868 6195 8879 
277 4467 
11 0 8 19 6869 
3 8 37 4960 
458 751 223 301 555 992 182 74 406 10 589 411 489 253 244 676 702 384 177 623 786 742 90 144 16 173 323 303 135 923 101 176 613 291 70 596 193 636 611 641 89 986 783 504 936 794 351 930 290 590 765 573 452 597 843 871 382 217 610 98 67 612 644 463 704 443 288 737 663 533 594 910 805 163 36 645 907 779 883 525 512 502 142 242 626 800 687 295 724 390 668 518 684 508 348 771 643 65 790 
702 101 345 307 315 111 948 403 452 651 67 346 760 40 335 408 292 145 79 274 833 24 876 376 771 789 629 578 174 
16 218 611 802 764 466 263 766 554 424 686 437 227 479 673 161 668 565 212 675 738 639 969 953 270 380 429 368 772 109 49 417 837 
1879 700 905 415 1022 2063 2271 2521 2548 
458 751 234 16 218 650 814 611 802 764 315 466 957 263 766 67 644 554 200 424 686 437 227 479 673 300 161 601 668 565 212 30 675 669 767 738 532 837 639 969 953 963 270 380 429 368 772 109 185 49 417 842 
13 0 5036 
458 751 530 261 234 16 218 650 814 611 904 842 802 764 315 577 37 466 957 263 452 766 67 644 798 408 801 554 721 212 541 200 424 686 437 227 479 673 300 161 601 668 565 30 675 669 767 738 532 837 639 969 953 155 963 666 270 380 429 960 368 772 109 398 474 185 49 417 558 986 
458 751 530 261 234 16 218 650 814 611 842 802 764 315 577 37 466 957 263 766 67 644 408 801 554 200 424 686 437 227 479 673 300 161 601 668 565 212 30 675 669 767 738 532 837 639 969 953 155 963 666 270 960 380 429 368 772 109 398 474 185 49 417 558 721 
11 0 19 24 25 21 26 5271 
349 954 945 400 903 928 585 439 814 834 672 764 37 111 754 819 180 423 452 768 427 766 5 610 288 737 858 838 884 145 987 575 378 197 1 79 907 299 502 670 272 973 221 706 347 839 983 809 376 199 552 951 523 790 716 152 505 823 898 174 640 206 982 698 312 255 770 260 416 715 109 342 54 656 
1114 5219 963 9468 8879 9489 
8245 
1070 277 296 373 489 1095 919 1166 8548 
972 788 954 141 400 465 214 810 451 627 297 923 753 115 611 842 576 290 989 768 340 866 712 658 560 88 443 798 335 548 533 575 200 397 779 21 242 821 78 274 18 983 117 518 199 894 32 970 487 450 319 692 837 880 716 553 738 507 505 352 997 678 739 153 718 413 52 269 919 109 370 28 931 196 64 803 495 429 164 344 484 917 772 922 11 128 
570 530 139 223 400 382 366 589 411 102 384 810 588 925 531 90 92 186 889 928 173 99 101 345 176 171 17 86 504 755 496 573 557 351 930 106 590 0 263 661 216 29 806 773 5 610 98 700 920 651 760 919 523 143 238 55 884 987 980 312 708 302 54 198 624 698 567 510 694 645 615 907 162 779 142 483 136 569 657 300 511 62 65 736 797 413 
347 400 10 214 903 915 177 234 585 345 814 986 834 672 754 819 180 423 452 93 29 768 427 766 407 181 610 658 840 415 784 690 288 378 737 523 838 809 312 197 1 79 698 472 174 657 65 272 413 221 706 260 823 898 71 839 30 269 505 376 716 201 552 951 790 95 42 326 556 206 982 370 109 148 656 707 803 521 640 907 
9981 
972 788 702 182 801 253 810 241 786 297 92 276 585 16 323 115 359 890 611 842 504 61 104 957 768 745 191 217 412 184 145 371 548 884 980 805 163 966 797 390 199 32 792 158 689 428 999 892 907 327 194 897 229 677 731 211 262 592 205 64 374 257 224 705 53 
108 954 749 366 182 130 451 297 531 585 367 633 176 129 115 686 402 641 842 721 189 717 37 118 201 464 794 111 557 625 942 452 216 237 843 878 191 610 651 133 866 184 131 561 691 615 145 784 378 798 501 594 639 987 302 624 698 424 162 883 512 502 227 775 242 308 569 362 65 722 52 736 601 277 387 790 441 738 97 606 472 327 415 897 837 969 476 656 912 580 617 953 
702 264 223 10 589 723 447 797 577 607 202 86 672 
11 0 13 5793 
37 38 3 8 2 46 42 39 49 4960 
949 788 253 676 241 890 677 390 297 276 655 16 356 650 834 424 731 606 145 957 745 217 412 805 
296 27 277 373 5127 
16 466 639 479 212 49 969 
17 905 
1272 719 905 1008 2173 1688 2414 2509 
6082 
587 79 702 749 580 828 364 723 384 376 895 234 925 173 345 356 129 70 686 593 365 145 315 717 927 496 174 80 674 180 203 687 523 957 473 452 427 843 806 745 869 760 184 215 644 508 658 840 288 518 238 572 408 34 541 771 24 808 255 821 207 142 673 445 706 107 283 59 859 387 880 681 648 42 471 789 
25 21 11 19 26 24 36 5271 
451 821 
6 8144 
297 406 
37 3 38 8 42 39 4960 
6046 
16 5 10 7 3 18 22 23 5036 
373 1448 2124 1345 3725 2923 3768 3897 
79 702 828 723 384 376 234 925 16 173 101 345 356 129 115 70 307 611 593 346 365 145 315 927 111 948 174 80 674 180 106 466 687 403 523 957 452 843 806 745 158 869 760 184 644 40 840 288 518 335 238 408 292 541 771 24 808 255 821 142 673 274 333 833 706 337 107 199 83 59 859 387 880 681 648 471 789 629 578 85 738 352 823 482 109 156 436 342 758 574 169 389 249 803 224 720 442 151 6 780 
451 821 
972 788 954 141 465 214 810 451 627 297 923 753 115 611 842 576 290 989 768 760 866 712 919 658 560 553 88 443 518 798 335 548 533 575 200 821 397 779 21 242 78 52 18 413 983 117 505 739 716 199 689 894 450 32 970 487 319 370 128 880 738 507 352 997 64 678 153 692 718 109 269 28 733 931 196 803 495 429 164 344 780 484 917 772 11 395 519 837 
563 316 3917 3842 3630 4390 4060 5153 5903 
25 555 644 676 426 614 90 649 144 323 176 613 115 184 7 593 986 535 894 178 802 731 315 794 496 111 573 0 687 403 971 920 480 66 700 412 961 508 88 690 443 737 663 292 879 825 554 708 567 220 770 337 565 
74 301 1846 3705 5036 
16 611 466 263 639 212 479 738 49 969 
0 6350 
458 751 530 261 801 644 263 376 234 577 297 16 218 686 650 814 957 611 986 904 842 424 721 802 764 315 37 557 453 909 466 452 766 798 67 88 408 639 554 437 227 187 541 200 479 673 300 601 565 161 668 212 30 117 675 669 552 441 767 738 907 532 837 109 416 969 953 155 963 666 270 960 380 429 368 992 772 11 973 
2509 
141 451 923 611 894 319 989 768 88 548 199 821 200 779 21 450 970 487 352 837 370 519 560 
233 2 219 254 6341 
4798 
5285 1114 963 6195 5219 8879 
1166 919 373 1345 1712 1448 5127 
8698 
458 751 530 261 801 644 263 234 577 297 16 218 99 686 650 814 957 611 986 904 842 834 424 721 802 764 315 37 453 909 466 452 237 766 798 67 545 408 533 639 554 437 227 302 187 541 200 479 673 268 300 601 565 161 668 212 30 117 675 669 499 792 441 767 738 907 532 837 109 416 969 953 155 963 666 270 960 380 429 368 992 772 11 536 398 399 474 185 817 49 417 271 558 954 
174 400 109 903 588 585 790 814 672 754 819 590 423 523 452 768 427 766 773 407 181 610 378 737 898 982 838 809 1 657 272 221 706 
963 
972 458 796 223 301 182 465 434 527 667 263 130 253 810 177 614 414 797 186 928 655 173 72 218 103 345 291 70 359 7 307 593 89 727 504 740 51 802 576 755 606 124 22 315 118 927 496 104 754 516 180 909 966 792 441 452 93 878 871 651 463 40 658 371 643 533 524 693 55 541 163 431 567 117 299 953 212 41 333 662 558 876 983 505 837 572 767 
458 751 530 261 109 801 644 263 234 577 297 16 218 686 650 814 957 611 986 904 842 424 721 802 764 315 37 466 452 766 798 67 408 639 554 437 227 541 200 953 479 673 300 601 212 565 161 668 558 30 837 675 767 669 738 429 907 532 772 155 960 368 969 963 398 666 270 380 185 399 817 49 417 474 
1550 373 296 1166 1095 1603 1345 1448 1971 8548 
972 458 301 182 465 434 263 130 253 810 177 414 186 928 655 72 345 291 7 307 593 89 576 755 22 476 496 104 351 909 93 878 432 658 651 371 533 541 163 567 333 662 558 876 561 669 778 343 520 822 206 416 156 334 730 868 448 262 948 950 205 621 883 270 617 419 267 581 667 
458 751 530 261 109 801 644 263 234 577 297 16 218 99 686 650 814 957 611 986 904 842 834 424 721 802 764 315 37 453 466 452 237 766 798 67 545 408 533 639 554 437 227 302 187 541 200 117 953 479 673 300 601 212 565 161 668 558 30 837 675 767 669 416 738 666 380 429 907 536 532 11 368 960 772 969 155 992 963 398 270 474 185 399 817 49 271 973 
2635 18 621 1987 3808 4356 3451 4515 8698 
738 261 349 882 867 406 589 667 921 332 995 961 319 677 797 90 363 103 176 184 686 569 904 145 124 764 290 625 841 919 856 471 737 498 437 884 656 354 591 624 483 724 565 716 758 892 85 935 343 415 944 192 222 211 777 374 
738 587 702 264 223 749 297 276 633 70 307 89 178 794 819 106 466 564 806 67 979 893 518 825 55 34 953 362 4 333 876 837 283 958 750 951 648 42 97 192 964 948 772 868 40 449 
738 458 751 109 644 263 234 16 218 686 650 814 957 611 212 668 675 429 532 368 842 424 67 669 554 953 437 764 802 315 466 766 639 227 200 479 673 300 601 565 161 30 837 767 380 772 963 270 185 49 417 969 
738 972 788 954 141 945 324 301 555 465 305 102 810 340 451 319 614 627 297 90 923 499 633 345 753 408 115 609 439 86 611 641 593 842 61 894 802 576 66 496 111 573 88 560 335 989 564 708 768 292 843 798 920 873 700 412 866 712 919 658 443 548 533 198 78 200 821 280 779 21 242 52 397 961 
11 5271 
174 79 702 376 101 345 408 346 365 145 315 111 403 452 292 760 335 771 24 274 833 599 789 629 578 574 224 720 979 
330 102 895 367 692 590 466 766 158 971 773 916 67 533 354 200 299 136 337 507 460 343 482 897 270 373 50 715 584 738 
39 3 36 8 15 42 37 38 45 8245 
25 11 19 21 26 24 5271 
738 109 263 16 218 686 611 424 802 764 466 766 639 554 437 227 953 479 673 212 565 161 668 837 675 380 368 429 270 772 49 417 969 
738 458 751 530 261 109 801 644 263 234 577 16 218 408 686 650 814 957 611 904 842 424 721 802 764 315 37 466 452 766 798 67 639 554 437 227 541 200 953 479 673 300 601 212 565 161 668 558 30 837 675 767 669 666 380 429 532 960 969 155 368 270 772 963 398 185 49 417 474 986 
54 2548 905 2886 5050 6046 
738 644 828 723 384 234 173 408 184 593 80 674 523 806 745 471 518 541 808 255 681 780 821 142 673 706 107 859 758 387 880 648 823 156 436 151 342 249 6 566 572 853 957 
738 828 723 384 234 173 408 184 593 80 674 523 806 745 471 107 518 541 808 255 142 673 706 59 859 387 880 823 156 342 758 681 648 436 151 6 780 853 566 399 683 687 82 249 643 
39 38 50 42 67 75 88 90 2509 
17 9 1 6 28 12 621 
11 0 13 7275 
320 8674 
4798 
570 410 828 723 130 102 177 895 995 961 234 473 677 8 585 135 753 184 596 346 145 124 557 453 242 930 463 0 688 792 661 232 98 866 371 784 545 678 775 965 548 825 354 624 431 255 484 262 512 321 136 161 880 675 490 684 348 
5 6050 
8674 
100 54 719 905 
141 382 182 801 828 411 244 676 652 451 297 928 923 176 70 596 193 59 787 89 986 783 504 778 346 764 387 250 590 423 403 216 597 678 198 878 873 288 378 524 554 437 187 591 163 24 262 626 4 896 951 629 636 
788 954 141 465 977 810 340 408 451 961 319 614 66 627 297 90 88 923 633 345 609 439 708 292 611 641 593 842 894 802 576 496 111 573 242 989 564 843 798 920 412 866 78 658 560 443 678 335 548 533 
738 458 751 261 109 644 263 408 234 16 218 686 650 814 957 611 842 424 802 764 315 466 766 67 639 554 437 227 200 953 479 673 300 601 212 565 161 668 30 837 675 767 669 380 429 532 368 270 772 969 963 185 49 801 
19 406 
297 986 452 798 973 541 907 536 817 
8144 
738 109 644 828 723 384 408 234 173 356 129 184 59 957 593 387 927 80 674 180 452 806 745 869 840 471 288 518 238 541 808 255 821 142 673 880 706 107 859 758 681 648 85 352 823 156 436 151 342 389 249 803 442 6 780 542 826 853 474 687 523 572 566 82 399 683 112 818 317 271 635 467 843 
738 330 692 102 895 367 916 370 590 466 766 158 971 773 67 231 533 354 200 299 136 385 337 862 507 460 683 549 270 482 343 780 897 373 913 50 
749 652 214 589 215 540 903 961 921 764 22 177 203 995 473 297 369 641 427 932 869 191 658 775 982 838 825 437 987 624 200 821 136 
37 67 106 
738 587 702 264 223 301 749 332 915 408 451 297 276 633 70 355 307 89 178 181 365 453 819 180 106 564 806 871 232 610 560 643 893 518 825 34 876 362 837 283 83 192 951 55 648 666 979 471 953 673 4 337 958 750 42 97 64 718 500 154 683 727 
451 319 88 923 611 894 989 560 548 200 821 21 199 450 970 487 
972 301 182 465 434 263 810 177 948 414 186 655 291 7 307 533 496 104 351 909 93 651 658 371 541 163 567 876 262 333 52 662 558 669 561 883 343 334 907 520 432 156 822 206 416 730 868 
510 415 203 360 603 582 2509 
214 411 
277 2124 1448 1345 3488 2923 3725 
919 489 373 1166 6822 
738 644 828 723 384 408 234 173 184 59 593 387 80 674 806 745 471 518 541 808 255 821 142 673 880 706 107 859 758 681 648 683 85 780 823 156 436 151 249 342 6 853 523 566 82 399 317 572 826 
174 79 347 400 376 234 93 585 814 986 834 672 378 754 819 180 423 452 29 766 809 407 181 840 784 552 472 640 898 982 656 312 197 1 698 657 272 221 706 505 951 415 823 5 772 148 707 71 973 
738 587 702 264 223 324 301 749 828 540 332 915 408 297 276 633 70 355 307 89 61 178 365 453 819 106 564 597 806 871 232 610 979 471 560 643 893 518 965 825 987 34 876 953 565 333 673 362 4 837 767 561 83 958 750 951 648 55 42 826 683 97 415 64 192 964 939 931 449 500 154 329 77 772 868 40 336 765 53 988 794 325 943 948 
0 5 13 9981 
11 0 19 24 25 21 26 5271 
738 972 692 788 954 141 400 109 465 214 810 451 319 627 297 88 923 753 115 611 842 936 894 576 533 242 290 370 989 798 760 866 712 919 78 658 560 443 518 678 335 548 575 200 821 397 117 484 779 21 274 52 880 18 413 505 837 739 716 199 450 32 507 970 487 689 553 429 780 352 997 64 153 718 11 772 269 733 917 128 768 803 28 931 196 495 519 
963 8879 
738 458 751 530 261 109 801 644 263 764 408 234 577 297 37 16 218 686 650 814 957 611 986 842 424 721 802 315 453 466 452 67 536 766 798 639 554 437 227 541 200 953 479 673 300 601 212 565 161 668 30 669 837 675 767 270 666 380 429 907 532 960 969 155 368 772 817 963 398 904 185 399 49 417 474 
738 828 384 408 234 297 16 173 115 611 593 158 387 674 466 806 518 142 673 880 706 337 107 199 758 681 648 683 482 780 823 964 156 151 
141 340 451 319 627 88 923 894 370 989 548 560 200 779 21 450 970 487 352 772 917 768 821 
751 513 301 182 42 411 97 915 408 451 203 414 577 649 92 93 727 337 202 88 585 951 99 923 356 115 355 650 708 423 593 916 684 365 763 498 357 118 964 250 242 463 106 0 661 934 843 878 773 232 873 826 700 712 979 240 840 560 501 418 973 848 238 693 282 4 298 987 198 591 771 36 11 395 117 615 689 876 525 953 562 329 77 265 673 300 669 770 768 272 314 32 
148 110 19 160 406 
7557 
905 84 54 1022 2509 
74 364 184 755 601 763 885 460 104 541 930 545 162 219 64 718 449 944 
110 19 406 
1008 2548 905 5050 2886 6132 8301 8726 
5336 
588 898 754 983 199 
738 458 751 109 801 644 263 764 408 234 16 218 686 650 814 957 611 842 424 802 315 466 67 766 639 554 437 227 200 953 479 673 300 30 368 669 601 212 565 161 668 837 675 767 155 270 380 429 532 772 963 185 49 417 969 
738 972 330 692 954 141 465 810 451 319 297 88 923 753 115 611 842 894 576 533 242 370 989 798 866 983 919 78 397 658 560 443 678 335 548 200 821 11 117 484 779 21 768 52 553 880 32 837 739 716 199 450 507 970 487 429 352 153 772 269 917 931 196 495 519 164 344 47 128 
373 1448 2124 1345 3725 2923 3768 3897 
738 458 751 530 261 109 336 801 644 527 762 263 681 772 764 408 231 234 577 363 358 53 727 37 103 16 218 356 152 70 686 650 814 957 611 842 424 721 802 837 755 124 717 564 463 466 792 441 452 67 806 871 766 212 161 39 300 765 643 430 848 953 639 554 437 227 767 431 771 
518 572 828 723 681 234 173 184 593 523 648 387 674 806 471 673 541 142 107 880 706 859 758 683 249 780 82 921 
2761 1615 963 1199 1114 4275 2159 4868 4696 5219 
738 458 751 109 644 263 772 764 16 218 686 611 424 802 837 466 766 212 161 300 673 953 639 554 437 227 767 200 479 601 565 668 675 368 270 380 429 963 49 417 315 969 
1448 1345 2124 3488 3725 
222 8862 
54 905 
6 17 32 5336 
108 25 264 139 661 431 214 97 538 74 95 828 364 773 102 447 376 22 319 797 358 72 135 70 184 439 59 708 423 593 535 832 783 778 178 233 346 564 118 387 858 559 930 909 29 237 806 745 766 826 887 39 524 508 840 643 545 678 776 294 437 172 312 187 541 885 36 11 117 694 162 956 299 512 601 800 770 107 76 413 813 839 710 
570 431 336 810 414 90 53 655 173 569 766 760 736 354 198 32 668 897 733 870 
11 0 5271 
22 8 0 11 21 23 19 24 8862 
738 518 828 681 384 408 234 173 593 523 648 387 674 806 673 142 107 880 706 6 758 683 249 780 82 823 156 342 853 399 572 317 859 
738 518 644 828 681 384 408 234 173 648 593 523 572 674 806 673 541 255 107 142 880 683 249 706 6 758 780 823 921 
972 751 223 644 540 332 234 614 173 480 577 8 202 613 459 898 650 359 572 778 189 763 250 559 104 300 893 838 163 779 866 794 848 162 131 662 
738 751 347 10 589 514 447 177 588 241 688 753 242 466 782 
261 702 301 65 762 411 489 253 244 676 177 687 786 643 319 742 90 586 88 173 303 101 345 176 356 508 613 708 957 611 641 593 89 535 483 504 572 189 573 351 590 67 843 878 745 36 39 217 98 549 794 443 704 737 163 663 965 548 
373 74 433 132 647 767 849 
738 972 796 692 788 954 141 214 109 518 465 772 810 340 451 319 627 297 88 923 633 345 753 115 439 611 842 894 576 837 533 242 290 370 989 917 798 760 866 983 712 919 78 658 443 560 678 335 548 575 198 200 821 11 395 397 117 484 689 779 21 768 52 880 18 413 32 505 739 716 199 450 507 970 487 553 429 343 780 352 997 64 153 125 718 457 269 733 128 803 28 931 196 495 519 164 344 685 853 
108 570 972 458 431 336 182 10 527 667 723 681 117 177 451 643 234 614 414 677 792 441 90 363 727 928 16 173 218 356 152 70 686 569 7 89 740 51 572 802 837 755 606 124 387 104 290 516 80 463 161 590 466 452 878 806 871 212 869 798 232 700 300 760 794 704 501 335 953 861 430 282 838 767 844 771 299 262 142 321 362 41 
513 349 347 214 182 411 773 203 643 577 390 92 727 337 37 103 88 655 585 99 369 129 609 402 708 423 916 535 684 498 964 463 0 403 452 651 67 843 932 826 217 181 712 685 979 240 673 653 794 840 690 678 501 418 973 693 312 591 771 395 689 876 265 47 770 52 680 30 907 711 852 868 208 55 862 536 368 155 6 578 460 85 270 883 150 279 82 415 800 
3384 3225 320 6507 3248 8674 
784 706 796 513 79 139 10 223 945 301 400 214 538 65 465 762 263 540 118 977 332 651 915 177 672 319 614 414 66 531 727 202 928 55 173 345 505 359 86 878 806 593 158 523 61 180 541 927 136 83 370 300 452 216 29 869 917 432 163 971 413 610 412 750 704 560 690 143 418 973 997 312 776 272 148 825 
738 458 751 530 261 109 801 644 263 772 764 408 234 577 37 16 218 437 686 650 814 957 611 842 554 424 721 802 837 541 161 300 466 452 67 766 212 798 673 479 953 639 227 767 200 601 669 565 668 30 675 558 368 155 666 270 380 429 532 960 963 398 904 474 315 185 49 969 986 
489 296 373 919 4467 
8862 
1448 1345 2124 3488 3725 
738 458 751 530 261 109 74 801 644 364 263 117 772 764 408 234 577 297 441 37 16 218 99 686 650 814 718 957 611 986 842 554 834 237 187 424 721 802 837 300 453 909 270 533 755 541 161 466 452 67 766 212 798 817 673 416 479 545 953 639 437 227 767 200 299 601 565 907 243 460 666 944 380 429 992 532 885 11 219 262 268 669 668 30 208 675 558 368 155 536 
2886 905 2548 6132 5050 6046 8726 8301 9564 
784 706 174 349 954 79 347 945 400 109 65 772 376 764 672 234 93 37 928 585 951 505 152 439 790 814 423 973 986 523 834 180 427 145 111 858 378 754 819 452 29 766 809 407 181 610 983 416 840 737 312 272 148 982 299 838 987 656 575 197 1 255 768 698 907 556 502 657 770 670 221 839 716 552 199 288 260 326 206 472 823 5 342 640 269 898 715 
141 772 451 319 88 923 894 837 370 989 917 560 768 200 821 779 21 199 450 970 487 352 519 548 
706 174 954 945 400 109 406 772 376 764 297 37 928 585 505 152 439 790 423 834 180 427 111 378 754 819 452 766 255 809 407 181 610 983 416 737 272 148 982 299 838 987 656 575 197 1 768 907 502 770 670 52 221 839 260 716 199 288 206 415 5 342 640 715 973 
110 160 148 19 192 165 227 406 
59 6 32 17 100 48 2509 
12 1 9 6 17 28 32 2509 
719 1614 905 54 2063 2548 2559 2886 
738 458 751 530 261 109 801 644 263 772 764 408 234 577 297 37 16 218 429 686 650 814 957 611 986 842 554 424 721 802 837 541 161 300 466 452 67 766 212 798 817 673 479 953 639 437 227 767 200 907 601 669 565 668 30 675 558 368 155 666 270 380 532 960 969 963 398 904 315 185 399 49 417 474 
538 74 364 786 184 778 178 755 541 539 162 944 718 763 545 187 885 107 601 219 507 460 64 930 
972 301 182 465 434 667 263 130 253 810 651 22 177 948 414 93 186 928 655 72 345 291 7 307 878 593 89 504 51 778 180 576 755 541 606 533 496 104 754 351 909 452 212 432 163 524 983 658 371 416 730 567 876 262 662 669 333 52 205 868 449 561 558 270 883 206 343 334 520 156 617 822 457 476 448 57 950 419 621 740 
79 264 301 879 214 97 74 801 364 676 384 408 623 687 92 727 186 8 202 103 323 135 356 291 70 355 359 790 986 51 597 181 712 525 385 721 498 964 754 930 466 452 29 745 232 217 98 524 866 685 663 594 4 910 34 615 575 767 771 395 100 779 502 321 626 800 722 18 668 205 558 536 629 691 592 138 883 82 823 718 835 269 28 931 777 369 628 194 984 210 374 895 
100 54 719 5336 
100 1476 4498 2271 3587 2063 7197 5705 7460 
139 223 749 580 644 540 131 332 786 614 797 577 531 8 202 276 173 72 42 303 508 171 613 459 129 569 359 307 916 778 721 189 755 763 250 573 559 104 370 463 300 29 232 480 866 78 794 690 737 765 838 539 885 779 107 662 722 868 449 561 897 154 476 521 892 553 159 472 5 900 815 175 457 733 816 
963 
18 16 12 31 1800 
110 19 148 406 
25 11 21 19 26 24 5271 
738 972 692 954 141 109 518 465 117 772 810 451 319 627 297 88 923 753 505 115 611 842 894 576 837 533 242 290 370 989 917 798 866 983 712 685 658 919 78 443 560 678 335 548 575 768 200 821 11 395 397 484 779 21 52 880 18 32 739 716 199 450 507 970 487 553 429 352 718 153 269 128 803 28 931 196 495 519 164 344 
248 64 178 136 257 320 347 7266 
954 141 772 810 451 319 297 88 923 611 894 576 837 533 242 370 989 779 917 443 560 678 548 768 200 821 484 21 739 199 450 970 487 352 519 344 
451 923 
738 972 692 954 141 465 772 810 451 319 297 88 923 753 115 611 842 894 576 837 533 242 370 989 678 200 484 21 52 450 970 429 269 766 917 779 798 866 685 658 919 78 443 560 335 548 768 821 11 397 880 32 739 199 507 487 553 352 153 128 931 196 897 
139 223 749 580 202 797 577 900 531 276 72 303 508 662 171 359 307 916 755 250 370 463 866 78 690 838 107 722 868 897 154 476 972 
177 948 307 658 371 669 
7 5 5127 
4765 
738 972 692 954 141 465 117 772 810 451 319 627 297 274 88 923 753 505 115 611 842 894 576 837 498 533 242 370 989 766 917 798 866 983 712 685 658 919 78 443 560 678 335 548 298 575 768 200 821 11 397 484 779 21 153 52 880 18 32 739 716 199 507 450 970 487 553 128 429 352 803 269 28 344 931 196 
158 8451 
3225 3248 320 3384 6507 7151 
751 301 406 787 636 676 623 463 
25 349 879 431 214 97 182 644 773 22 623 202 742 727 356 359 957 593 89 834 684 541 763 498 357 496 573 242 161 590 782 163 232 826 980 983 712 919 251 143 848 825 298 591 624 768 698 395 615 77 265 669 565 76 52 880 314 32 833 813 205 30 487 
5336 
208 20 197 244 7506 
79 139 214 97 109 336 580 364 411 961 408 687 274 42 508 346 145 496 111 557 83 106 403 413 412 673 560 690 143 678 335 34 365 833 578 150 599 28 361 964 
261 702 301 366 867 173 406 590 411 489 253 117 244 636 676 408 620 900 742 90 303 345 351 708 611 89 783 217 573 106 
738 458 751 530 261 109 801 644 263 117 772 764 408 234 577 297 37 16 218 99 686 650 814 957 611 986 842 554 834 429 424 721 802 837 541 533 453 161 300 466 452 67 237 766 212 798 817 673 416 479 545 953 639 437 227 767 187 200 907 601 669 565 668 30 675 558 536 368 155 666 270 380 992 532 960 969 963 398 302 904 315 185 399 49 417 271 474 909 
58 3 37 93 55 80 94 134 5903 
451 319 923 894 533 989 768 821 450 970 487 548 
570 
84 6594 
738 458 751 261 109 801 644 263 772 764 408 234 16 218 686 650 814 957 611 842 554 424 802 837 161 300 466 67 766 212 673 479 953 639 437 227 767 200 601 30 368 669 565 668 675 155 270 380 429 532 963 315 185 49 417 969 
17 6 32 7460 
570 410 264 539 961 678 983 995 965 
17 2509 
738 261 349 882 223 109 867 539 406 589 434 961 667 411 921 332 651 376 764 995 291 319 677 90 363 607 144 103 345 753 686 569 483 541 145 124 498 437 453 290 625 766 181 856 471 737 238 639 884 656 354 591 624 808 397 841 675 724 944 270 343 156 779 52 85 758 716 892 935 415 5 48 151 222 
1448 1345 3488 3725 
822 764 219 961 6341 
5336 
738 972 692 788 974 702 182 801 371 224 253 810 241 890 677 797 390 792 92 53 337 276 585 16 323 184 359 957 766 842 61 834 731 145 533 217 104 205 466 504 966 745 157 163 191 412 980 805 726 639 206 768 548 507 884 689 262 32 374 786 897 892 428 482 999 64 229 211 870 592 
738 458 751 109 644 263 772 764 234 16 218 686 650 957 611 766 554 424 802 837 161 300 466 212 639 673 479 953 437 227 767 200 601 565 668 675 368 270 380 429 963 315 185 49 417 969 

972 879 661 431 214 97 182 95 589 371 773 263 447 923 0 782 524 251 653 143 76 294 198 591 562 626 670 813 724 381 325 708 763 
1543 264 8862 
205 5793 
11 0 5271 
1 4742 
451 319 894 821 370 548 450 970 487 923 
79 97 336 224 274 158 346 111 403 335 365 578 599 
954 141 678 772 810 451 319 297 88 115 611 11 158 894 576 837 821 533 768 242 370 989 917 484 443 560 548 200 779 21 52 739 199 450 970 487 164 429 352 923 
410 788 945 411 323 648 766 387 425 871 932 255 163 920 191 354 295 758 813 
738 796 587 702 264 223 324 301 749 97 518 801 772 332 915 408 451 643 297 53 337 276 951 42 633 70 648 355 292 307 806 89 178 721 837 564 964 557 453 559 83 819 989 106 934 871 232 181 610 329 279 979 673 549 794 750 471 560 893 501 953 4 825 34 365 11 876 77 321 362 565 868 449 561 154 958 47 959 666 249 718 9 500 683 892 415 192 939 422 436 931 506 640 55 280 664 727 
1018 109 612 360 700 1063 1022 1066 1264 
538 74 364 447 376 508 184 423 387 783 778 178 541 858 559 930 745 826 545 299 507 437 172 187 885 162 956 107 601 770 839 897 789 201 219 460 428 944 64 718 342 448 257 379 256 417 552 855 248 571 909 
738 410 330 692 773 507 974 347 301 749 661 97 867 766 590 253 102 895 231 414 390 90 727 337 321 276 928 16 367 171 184 355 957 916 158 373 576 145 533 496 217 378 136 370 466 966 67 768 971 760 251 549 736 663 299 838 910 354 200 956 262 556 897 511 385 831 208 675 561 862 50 460 683 270 482 343 780 64 803 913 939 907 969 715 584 950 
706 738 518 173 828 723 681 384 408 687 234 648 184 806 593 387 523 541 674 673 142 107 880 758 6 683 249 150 780 82 823 342 156 151 436 853 399 317 859 
431 336 173 589 925 90 53 569 106 29 760 736 143 216 773 
3897 4958 5044 1448 6031 6518 6708 
570 410 788 507 141 945 555 382 182 652 65 766 801 590 828 411 678 244 787 102 426 764 451 623 643 255 524 726 36 221 591 614 297 586 928 951 323 923 89 288 403 932 443 345 176 593 508 70 648 596 193 59 423 307 878 986 535 523 783 483 200 554 373 425 346 24 927 496 250 378 163 216 597 871 873 240 4 39 920 191 437 262 354 198 187 76 374 758 977 
738 458 751 109 766 644 263 772 764 234 16 218 686 650 814 957 611 842 554 424 802 837 161 300 466 67 212 639 673 479 953 437 227 767 200 601 668 368 669 565 30 675 270 380 429 532 963 315 185 49 417 969 
123 74 373 188 13 252 393 454 7275 
15 8 8245 
1272 905 2548 2271 1008 3587 2886 4334 4498 
5271 
773 507 879 661 431 214 97 538 74 95 364 447 376 184 423 387 783 778 178 541 858 559 930 909 782 524 653 545 294 299 172 187 885 162 956 107 
8 2 19 1219 
330 773 507 766 590 102 895 337 343 16 367 115 611 916 158 373 136 466 67 971 199 299 354 200 897 584 50 460 270 482 
301 182 465 434 371 263 810 177 414 93 343 655 662 291 351 7 307 541 496 104 909 163 432 206 658 416 730 567 669 333 868 883 334 520 156 822 972 
738 458 751 530 261 109 766 801 644 263 772 764 408 234 577 297 37 16 218 686 650 814 957 611 842 554 424 802 837 161 300 466 67 212 639 673 479 953 437 227 767 200 601 669 565 668 30 675 558 368 155 666 270 380 429 532 960 963 398 474 315 185 49 969 
1834 74 13 433 708 2418 849 1017 2621 3462 
954 678 810 115 297 429 16 611 158 894 576 837 242 370 484 78 443 11 519 52 164 199 
2124 1345 3897 
47 2 146 66 92 158 163 6082 
738 458 751 261 109 766 801 644 263 772 764 234 429 16 218 686 650 957 611 554 424 721 802 837 161 300 466 212 953 437 227 452 639 673 479 767 200 601 565 675 368 155 270 380 668 986 
738 109 766 263 772 764 429 16 218 686 611 554 437 601 424 802 837 161 466 212 639 673 479 953 227 565 668 368 675 270 380 49 417 963 969 
738 330 773 507 766 590 253 102 895 231 90 337 343 928 367 355 957 916 158 373 136 466 67 971 549 299 354 200 897 385 831 47 584 862 50 460 683 270 482 780 950 
738 587 702 264 223 301 749 97 518 772 332 408 643 297 53 276 951 633 70 648 307 806 89 178 837 564 964 453 83 819 106 232 610 979 673 794 750 471 560 893 953 4 825 34 362 868 449 154 958 683 192 500 422 42 506 765 988 943 275 915 
16 10 18 3451 
2779 8451 
972 773 879 661 431 214 97 182 580 95 589 371 263 118 117 678 447 797 441 90 274 337 321 276 135 923 176 387 684 357 516 205 0 782 524 251 653 736 143 294 354 198 591 624 239 615 689 562 626 800 670 76 813 789 724 487 175 381 852 
706 954 945 400 109 406 766 772 376 764 297 37 505 152 439 423 180 427 111 378 754 819 452 768 255 809 407 181 610 416 199 737 982 299 838 716 987 656 575 502 221 770 670 52 839 260 415 5 342 640 907 715 196 71 928 
9981 
6132 5050 905 8726 8301 9564 
706 935 717 587 518 173 305 644 828 107 681 384 687 234 686 641 64 633 648 789 
570 972 10 223 661 518 173 540 332 241 202 234 614 900 753 662 613 459 359 958 778 763 250 104 242 930 463 163 300 866 
738 261 349 882 223 589 961 921 332 651 995 319 677 686 90 363 607 343 103 345 569 483 145 124 498 290 625 639 856 471 737 85 437 884 591 624 724 892 944 5 222 151 389 867 
108 25 507 139 538 74 766 364 107 117 447 376 22 64 72 508 70 184 439 59 423 789 806 593 387 535 783 778 178 346 541 858 559 930 909 29 745 39 809 826 840 36 545 294 299 437 172 716 187 885 162 956 512 601 800 770 897 839 47 201 219 460 428 944 415 832 718 342 617 
507 539 538 74 364 107 64 508 184 423 789 783 778 178 755 541 187 763 858 930 545 299 885 162 201 219 460 944 718 342 601 839 428 448 257 379 457 
2886 54 905 4498 2548 7197 
751 261 702 301 555 366 867 173 74 406 590 411 489 253 117 787 636 676 408 687 620 794 643 900 742 90 144 586 88 303 345 176 356 508 505 184 351 965 878 957 611 89 535 189 927 217 573 930 106 0 67 237 843 745 157 255 610 98 726 549 663 548 348 910 844 142 350 100 556 512 502 52 668 786 521 629 315 150 
706 738 518 173 644 828 723 107 681 384 115 408 687 643 234 297 337 16 356 648 184 59 806 957 611 593 158 387 523 288 180 821 541 927 80 674 466 452 745 255 826 673 199 840 471 238 808 85 142 436 880 758 859 6 683 249 780 82 352 823 803 342 156 151 542 389 442 853 
692 253 676 241 890 297 412 64 655 16 650 957 158 834 145 217 205 463 966 768 745 726 639 206 897 374 892 
3384 320 7151 
410 330 773 507 974 702 347 343 301 749 661 97 867 766 590 253 102 115 939 895 231 414 90 727 337 64 321 928 16 862 367 171 184 355 910 957 611 916 158 373 576 145 496 217 378 136 466 966 67 768 971 199 760 251 549 736 663 299 327 194 838 354 200 675 956 262 556 897 511 385 831 208 561 584 50 460 683 270 482 780 950 907 913 969 245 
5259 348 5793 
706 738 717 587 518 173 644 107 828 723 681 384 673 408 687 234 859 686 641 64 356 541 648 184 59 806 957 593 387 523 288 180 821 927 80 674 452 745 255 869 826 840 471 690 238 808 85 142 502 436 758 249 352 823 880 572 6 683 780 82 803 156 342 961 
706 954 945 400 109 406 772 376 764 297 37 928 505 152 439 423 180 111 378 754 819 452 255 199 809 407 181 416 716 982 299 987 656 575 502 221 770 670 52 839 260 903 415 5 342 715 196 
4960 
25 21 19 24 38 45 42 39 50 4765 
738 109 766 263 772 673 764 429 437 686 16 218 611 554 424 802 161 466 212 639 479 953 227 668 368 675 270 49 417 969 
738 458 751 530 261 109 766 801 644 263 772 673 764 408 234 577 297 429 686 37 16 218 541 650 814 957 611 986 842 554 424 721 802 837 161 300 466 452 67 212 798 639 817 479 953 437 227 767 200 675 601 669 565 668 30 558 368 155 666 270 315 380 907 532 960 969 963 398 904 185 399 49 417 474 
738 109 766 263 772 673 764 429 686 16 218 611 554 424 802 837 161 466 212 639 479 953 437 227 601 668 368 675 565 270 380 49 417 963 969 
371 16 466 212 639 479 969 
92 47 158 173 6082 
108 738 972 796 717 507 264 945 539 107 371 162 130 921 131 332 340 673 672 620 202 424 356 66 429 606 145 93 64 186 72 633 184 439 814 59 958 740 425 346 189 821 755 124 357 698 927 111 858 217 557 290 674 463 625 893 782 219 942 843 255 798 736 809 874 826 982 760 133 866 980 712 978 693 282 840 471 36 716 430 776 194 575 615 994 800 724 728 897 153 595 333 18 
3248 4676 320 3384 3225 7038 6507 7151 7632 8674 
905 54 2271 3587 
108 693 282 972 717 507 539 557 107 371 130 131 332 994 463 340 672 620 424 575 606 145 64 186 72 633 184 439 814 625 958 798 219 893 189 728 755 124 357 217 674 843 255 
54 17 6 32 100 48 106 7460 
0 11 19 8862 
738 261 349 882 343 223 109 539 766 589 434 961 411 921 332 651 995 319 677 686 90 363 145 607 103 345 753 541 291 569 625 483 498 453 290 639 856 471 737 238 808 85 437 884 591 624 675 779 724 892 944 270 5 156 151 222 48 389 628 56 248 170 708 867 
3725 2124 1448 1345 3897 2923 6708 
5 7 10 6050 
451 319 923 894 548 821 
370 507 115 738 
738 935 261 349 882 343 223 109 867 539 766 589 434 961 667 411 332 651 764 995 319 677 686 90 363 145 607 144 103 345 753 541 291 569 625 483 124 498 639 716 85 591 758 858 453 290 181 856 471 737 238 808 437 884 656 354 624 675 397 841 779 724 374 892 944 270 5 156 222 211 151 48 389 777 628 56 898 420 248 170 921 
158 173 184 8451 
74 364 162 64 541 219 763 930 545 601 885 944 457 379 460 
252 188 13 74 123 548 454 393 708 5793 
1448 1345 2165 3725 
1448 1345 2124 3295 3725 
706 400 109 772 505 423 790 378 754 819 452 903 809 407 181 610 982 898 656 221 
330 773 507 343 766 590 102 895 337 47 862 367 916 158 373 950 136 466 67 739 549 299 354 200 897 584 472 50 460 683 270 482 971 
6708 
74 
458 717 587 400 431 336 667 173 74 828 762 681 117 772 131 948 687 995 414 792 606 727 586 103 323 99 508 152 569 423 790 535 740 51 219 576 821 498 564 858 504 971 826 407 610 484 78 443 143 430 34 354 730 239 397 645 511 76 868 208 765 154 476 284 
738 261 349 882 343 223 589 961 411 921 332 995 319 677 686 90 363 145 607 345 625 483 124 290 728 498 639 151 471 856 737 898 85 437 884 591 624 841 724 892 944 5 222 708 716 
570 530 773 139 400 382 431 109 336 366 518 173 589 527 162 357 64 130 810 925 531 90 53 186 889 99 101 345 176 17 569 86 684 755 472 496 136 83 930 106 300 216 29 157 736 199 610 98 700 982 760 653 334 143 238 884 987 354 198 771 510 870 645 
706 738 109 518 173 644 107 828 723 681 384 673 376 408 687 234 859 356 180 925 145 541 129 70 648 184 59 806 957 593 387 523 288 821 352 442 927 80 826 880 823 803 342 156 399 674 452 843 840 745 255 85 869 249 760 151 471 758 238 808 771 629 24 142 436 6 683 780 82 169 389 572 853 566 271 112 542 789 
738 458 751 530 261 109 766 801 644 263 117 772 673 764 408 234 424 577 297 429 686 37 16 218 541 650 814 957 611 986 798 842 554 834 721 802 837 453 161 300 466 452 67 212 639 817 416 479 953 437 227 767 187 200 11 675 601 669 992 565 533 668 30 558 536 368 155 666 270 315 380 907 532 960 969 963 398 904 185 399 49 417 474 
18 34 16 10 85 72 43 95 104 6050 
53 1676 347 621 2619 2813 
160 373 296 900 1095 1284 1166 1345 1448 
513 349 773 347 214 182 224 118 357 678 651 673 939 203 794 643 577 390 92 727 337 37 655 585 951 99 402 625 423 878 973 916 535 373 684 763 498 964 858 217 909 0 403 452 67 826 181 712 979 240 653 36 501 418 312 848 85 30 591 771 395 689 876 265 519 669 770 32 680 584 
25 349 879 214 97 182 539 644 590 371 357 22 623 202 742 727 276 541 359 957 593 89 834 684 755 763 498 698 825 624 270 496 280 573 161 163 765 782 232 826 980 712 251 143 848 30 591 395 77 265 669 992 800 565 76 32 52 880 833 813 786 6 487 553 192 175 361 374 
784 706 370 954 79 347 139 10 945 400 214 109 65 406 766 772 764 672 234 575 93 37 928 585 951 345 505 152 439 814 423 986 523 288 834 180 427 698 472 111 378 754 819 452 29 768 255 903 199 809 407 181 610 982 206 716 416 840 690 737 312 272 148 299 838 987 656 197 1 556 502 221 657 770 670 52 839 260 326 415 823 5 342 640 269 375 715 196 174 537 71 399 552 983 121 762 
751 79 879 214 74 801 364 384 895 623 687 202 531 186 8 144 321 103 323 135 101 291 351 910 663 205 232 524 930 466 142 452 866 685 174 4 615 645 
74 162 64 541 783 219 930 909 545 885 601 460 944 
738 458 751 530 261 109 766 801 644 263 772 673 764 408 234 424 577 429 686 37 16 218 650 814 957 611 842 554 802 460 837 161 300 466 67 212 639 479 953 437 227 30 767 200 675 601 669 565 668 558 368 155 270 315 380 532 960 969 963 474 185 49 398 
1507 1114 1615 963 1932 1660 5291 
706 518 173 107 828 384 142 6 683 648 806 593 880 780 823 853 
5127 
330 773 507 347 343 749 661 97 766 590 584 200 253 895 231 414 90 337 321 928 47 862 367 355 910 916 158 373 950 576 663 969 136 67 971 199 251 549 299 838 354 675 556 913 385 831 208 50 460 683 780 270 482 466 803 102 
1345 3897 
706 898 754 
46 15 20 49 38 4960 
706 173 107 6 780 828 806 142 683 593 853 
5336 
54 2548 2886 905 6004 5050 6046 
52 415 
109 54 5336 
905 54 2271 3587 
67 39 8 38 50 71 42 75 8451 
849 
570 935 530 773 273 882 139 223 400 382 483 867 465 766 557 590 302 54 828 411 540 681 636 921 764 588 895 614 66 677 797 297 412 429 925 171 17 93 641 624 37 889 176 129 193 359 958 806 611 5 837 114 498 698 969 250 573 80 674 142 157 869 413 919 232 982 980 978 716 416 840 750 567 657 690 479 737 312 327 333 694 262 779 626 770 
5336 
737 33 1758 4545 4960 
3725 1345 3897 
773 347 749 97 766 253 115 231 414 297 16 862 367 355 158 950 576 663 969 549 354 675 556 913 385 208 50 683 780 482 466 
1008 905 2548 2271 3587 4498 2886 5050 6046 
108 693 282 972 717 507 264 945 97 366 182 539 557 107 302 357 64 130 131 994 463 340 620 424 925 531 606 145 72 129 439 351 569 402 59 903 958 878 798 740 219 721 893 233 189 124 927 858 217 378 674 909 782 942 237 736 874 826 610 982 133 866 980 978 716 840 36 501 953 430 776 656 362 626 796 
4 3 15 8245 
673 297 429 16 969 161 479 437 227 639 973 
1730 2548 2886 905 6004 5050 6046 
30 22 206 23 214 814 786 1038 8862 
784 706 370 472 349 954 79 347 343 139 10 400 214 109 483 65 766 95 54 224 762 174 772 764 915 177 30 672 234 90 145 93 326 585 951 42 345 505 152 439 814 423 898 986 983 523 834 180 715 5 427 698 378 201 754 819 290 29 768 790 255 413 199 809 407 181 610 982 206 658 716 416 840 657 690 737 312 272 148 299 591 770 839 260 823 838 987 656 197 1 556 221 880 552 521 803 640 269 375 882 
784 370 472 555 214 652 465 406 215 557 644 590 107 584 200 54 527 540 357 977 921 764 22 30 939 203 890 202 995 473 414 541 297 792 92 641 8 624 321 326 633 359 789 957 973 523 219 936 238 427 821 698 969 496 111 255 212 39 987 480 982 838 825 775 840 704 545 335 418 808 327 437 262 572 724 436 295 880 32 758 786 868 460 780 9 428 553 
6 2509 
1008 5050 905 6132 8301 8726 
108 570 370 513 507 10 400 431 109 336 366 518 173 589 644 107 162 772 101 810 390 792 925 531 90 274 53 337 186 345 351 569 86 292 593 645 783 684 894 884 669 32 178 238 755 496 199 610 615 779 800 6 280 136 83 930 106 300 216 29 157 917 736 98 700 760 653 856 143 198 299 354 771 885 510 870 694 601 511 595 314 813 710 868 654 774 28 211 668 260 372 482 907 733 697 169 279 661 
11 5036 
738 109 263 772 673 424 429 16 611 554 802 479 969 161 212 639 437 368 270 466 49 227 953 
47 2 92 6082 
5336 
21 3 11 24 4960 
738 751 109 766 200 263 772 673 764 424 429 686 16 218 611 554 802 837 969 161 212 639 479 953 437 227 767 668 368 675 601 565 270 380 963 49 417 466 
3725 2124 1345 4171 3897 6708 
905 109 1008 1272 5336 
77 10 64 16 72 95 104 105 8674 
507 139 539 538 74 107 162 64 755 447 22 541 577 47 72 42 184 59 423 387 778 178 559 104 201 930 909 232 826 840 545 172 187 885 956 512 601 770 897 76 552 460 
1638 2271 905 2548 1008 3587 2886 5050 5902 6046 
4798 
905 
106 32 48 6 180 138 5336 
2271 905 54 3587 4498 
738 458 751 109 766 801 644 200 263 772 673 764 234 424 429 686 16 218 650 814 957 611 554 802 837 969 161 300 67 212 639 479 953 437 227 767 675 601 669 565 668 368 270 315 380 532 963 466 185 49 417 842 
188 107 223 262 5127 
32 813 349 773 879 661 431 214 97 182 95 76 644 590 708 371 118 357 117 848 22 30 623 202 541 742 727 337 689 72 135 359 625 957 593 834 684 782 763 498 524 698 496 578 562 161 163 150 265 790 536 368 155 826 
21 19 2395 
7 5 6050 
370 141 200 772 451 319 88 923 894 821 989 768 917 560 779 21 450 970 487 352 548 
4 3 29 8987 
1022 612 360 700 1360 1264 4205 5336 
706 738 79 702 109 518 173 557 644 107 828 174 723 681 384 673 376 408 687 643 234 859 541 356 925 145 101 42 345 508 129 70 648 184 59 292 789 806 674 957 593 387 523 180 238 821 927 578 80 142 403 150 843 745 255 445 869 826 760 151 840 471 808 85 771 24 82 436 880 833 315 758 6 629 683 780 249 389 823 803 342 156 352 346 574 720 169 452 442 853 474 566 399 542 
706 738 518 173 644 107 828 723 681 384 673 408 687 643 234 859 541 16 648 184 59 307 806 593 158 387 523 80 674 142 745 255 151 471 808 333 82 436 880 758 6 683 780 249 823 342 156 
19 4765 
263 772 673 424 429 16 611 554 802 969 161 212 639 479 437 227 466 417 49 738 
738 458 751 530 261 109 766 801 644 200 263 772 673 764 30 408 234 424 541 577 297 429 686 37 16 218 650 814 957 611 986 798 842 554 721 300 536 817 479 187 601 565 666 270 315 380 907 963 398 452 904 185 417 399 49 802 837 969 453 161 67 212 368 639 155 953 437 227 767 675 669 668 558 532 960 466 474 992 
784 706 370 523 472 312 954 79 347 139 10 400 382 661 214 109 65 766 29 95 557 224 762 610 174 162 772 413 764 915 177 30 672 234 925 93 337 326 655 585 951 99 42 345 176 216 505 152 439 814 86 423 898 986 106 983 834 180 715 5 427 698 573 378 136 83 201 754 819 300 0 143 768 790 255 987 199 809 407 181 982 838 680 206 658 716 653 416 840 657 690 737 272 148 299 656 197 1 556 221 
1448 1550 1345 2923 2124 3897 3725 4171 4798 6518 
5336 
1448 1345 2124 3897 4958 
1114 963 2490 
330 400 661 336 667 173 406 305 385 557 200 705 224 411 540 489 977 514 332 907 673 915 408 720 948 473 614 414 66 934 870 700 913 950 34 649 145 496 93 144 689 499 42 724 505 7 91 387 740 61 883 802 821 242 205 674 150 768 680 685 78 549 711 953 11 959 354 
13 5 7 0 22 11 23 3462 
738 32 972 370 692 507 954 141 465 200 117 678 772 810 115 451 319 611 199 297 429 496 88 923 753 125 158 983 798 842 894 576 837 821 498 658 242 989 768 917 919 739 484 866 685 78 716 443 560 335 548 11 52 298 397 779 21 519 153 880 533 450 553 970 487 892 128 164 352 269 28 344 853 
533 
3725 1448 2124 1345 3897 2923 4171 6708 
738 458 751 530 261 109 766 801 644 200 263 117 907 673 764 30 408 234 424 541 577 611 297 429 686 37 16 218 99 650 814 957 986 798 842 554 834 721 802 837 969 453 161 300 67 212 536 368 155 639 817 416 479 545 953 11 437 227 767 187 675 666 601 669 565 533 668 904 558 270 315 380 399 532 960 992 963 398 452 466 474 185 417 49 271 772 
77 10 16 23 22 95 64 104 8674 
738 32 972 370 692 788 507 954 141 214 109 518 465 200 64 117 678 772 810 413 115 451 319 575 627 611 199 297 429 88 689 923 753 505 983 798 842 894 576 837 821 658 242 290 989 768 917 919 739 484 866 712 685 78 716 443 560 335 548 997 11 52 395 397 779 21 519 153 880 18 533 450 553 970 487 269 344 733 780 128 164 352 803 28 718 196 931 495 
738 458 751 530 261 109 766 801 644 200 263 117 772 907 673 764 30 408 234 424 541 577 611 297 429 686 37 16 218 650 814 957 986 798 842 554 721 837 969 453 161 300 67 212 536 368 155 639 817 479 953 437 227 767 187 675 666 601 669 565 668 904 558 270 315 380 399 532 960 466 992 452 963 398 474 185 417 802 
706 738 523 518 173 644 107 828 174 723 681 384 673 115 408 687 643 234 859 541 356 297 16 648 184 59 307 806 957 853 593 158 387 180 238 821 927 80 674 142 745 255 826 151 840 471 808 85 333 82 249 770 436 880 758 6 683 780 823 803 399 342 352 452 542 40 156 
79 1 4684 
591 47 158 92 665 299 6082 
2271 54 2548 905 5050 4270 2886 5817 6046 
108 570 738 796 751 261 400 661 214 518 867 580 762 681 676 651 463 115 764 177 30 319 473 356 66 677 412 688 641 624 103 633 184 965 910 86 91 125 158 576 189 111 930 0 265 869 917 987 982 825 775 726 817 151 549 416 567 418 11 148 299 771 262 511 595 880 277 62 896 50 102 415 815 
20 15 65 130 126 7506 
1448 
3725 1448 2124 1345 3897 2923 4171 4958 
3462 
244 197 155 20 269 208 7506 
1638 1329 905 54 1804 2548 2001 2886 
262 74 107 188 320 267 454 534 849 
646 
2779 1114 963 6341 5219 8451 
79 264 301 400 879 214 97 74 29 385 801 676 384 408 623 687 202 356 575 531 34 742 90 92 727 186 8 321 103 323 135 291 70 355 351 359 910 986 51 721 883 498 524 663 964 217 754 930 205 597 745 790 232 536 181 98 866 712 685 443 615 525 594 4 194 767 771 395 82 100 779 502 626 800 786 668 558 691 270 823 835 269 466 28 592 718 984 895 364 374 
570 523 25 788 141 200 555 879 483 652 65 305 961 644 708 64 244 676 977 810 115 408 939 794 643 319 614 66 900 412 950 90 649 496 337 641 144 586 88 689 323 499 633 508 613 184 292 7 307 920 573 853 593 986 554 178 802 731 498 663 111 700 163 0 403 843 971 39 809 155 480 825 206 78 443 567 36 690 737 272 298 885 876 220 770 786 
773 97 76 64 541 930 545 
738 458 751 530 261 200 109 766 801 644 302 263 117 772 907 673 764 30 408 234 424 541 577 611 297 429 686 37 16 218 99 650 814 957 986 798 842 554 834 721 802 837 969 453 161 300 67 237 212 368 536 155 639 817 416 479 545 953 437 227 767 187 675 666 601 669 565 533 668 904 558 270 315 380 399 960 466 532 992 452 963 398 185 417 49 271 474 909 
738 458 751 200 109 766 644 263 772 673 764 30 234 424 611 429 686 16 218 650 957 554 802 837 969 161 212 300 368 639 479 953 437 227 767 668 675 601 565 270 315 380 963 185 417 49 466 
708 
370 954 141 200 678 772 810 451 319 611 199 297 88 923 894 576 837 821 242 989 768 917 739 484 443 548 560 779 21 519 450 970 487 352 344 533 
92 972 410 751 949 330 788 773 507 974 702 347 200 343 301 749 465 661 97 867 766 385 801 590 584 253 834 463 939 231 890 414 129 677 797 390 950 90 496 171 53 727 337 321 276 928 689 904 323 862 367 184 355 359 814 910 916 158 798 61 373 715 731 576 663 969 80 378 104 136 516 163 67 768 745 212 971 736 870 913 838 760 280 980 805 612 251 549 560 548 299 211 354 771 675 956 262 556 992 
706 738 523 518 173 107 828 681 384 673 408 687 234 648 806 853 593 142 880 6 683 780 823 342 156 
133 29 68 122 4 140 114 128 159 8245 
507 538 74 107 162 64 541 184 423 789 783 778 178 763 858 201 930 545 299 187 885 601 552 839 460 428 944 448 718 364 248 257 256 379 755 
370 451 319 894 821 548 450 970 487 923 
92 262 245 32 860 972 788 773 974 702 870 257 182 801 705 371 224 64 253 810 834 463 241 720 890 677 797 390 412 792 229 104 145 53 337 276 655 585 16 689 323 184 650 359 957 158 842 61 731 217 205 163 504 966 768 745 157 191 980 805 726 639 206 460 548 327 194 211 884 275 897 786 374 482 466 154 
7460 
32 370 954 141 200 465 678 772 810 115 451 319 611 199 297 429 337 88 923 894 576 837 821 242 443 560 989 768 917 739 484 78 164 11 52 779 21 519 533 269 466 450 970 487 352 344 548 
1786 6594 2992 84 7028 7435 7557 
772 451 319 88 923 894 821 989 768 560 450 970 487 548 
738 702 264 223 324 301 749 97 518 610 64 772 332 673 915 408 451 939 794 643 297 34 53 276 951 633 70 648 355 307 958 871 806 106 178 893 837 564 964 453 83 819 232 181 825 979 750 471 560 953 4 959 876 275 77 666 249 362 561 565 365 868 154 683 55 192 500 422 42 587 934 

13 11 5 7 0 22 19 21 23 3462 
905 109 1008 1272 5336 
706 738 523 518 173 107 828 681 384 673 6 408 234 648 806 853 593 387 674 142 151 82 249 880 758 683 780 823 399 342 156 572 859 
6 32 48 5336 
107 
706 108 92 410 751 25 330 513 788 79 702 465 518 539 801 548 590 610 540 253 636 514 834 614 424 414 129 611 516 649 171 727 8 586 276 895 904 218 923 367 176 184 814 910 292 7 973 798 373 576 969 80 453 136 201 242 612 67 157 255 212 869 432 736 560 240 653 334 645 418 997 148 594 354 771 
766 92 601 119 716 102 945 29 762 956 447 451 129 686 885 186 809 586 72 613 193 359 172 554 711 187 858 710 84 612 6 597 
784 108 282 585 523 796 312 788 680 273 223 555 336 366 305 580 215 557 961 107 480 64 956 915 482 473 541 577 390 950 323 904 633 345 724 355 814 59 7 307 789 573 973 898 535 373 936 194 187 80 250 84 754 843 790 971 987 191 515 726 639 206 78 69 840 567 997 594 175 816 675 235 221 561 374 
766 738 458 601 751 530 261 200 109 801 644 263 772 673 764 30 408 234 424 541 577 611 429 686 37 16 904 218 650 814 437 957 986 798 842 554 721 802 837 969 453 161 300 67 212 368 155 639 817 479 953 227 767 675 666 669 565 668 558 466 270 315 380 399 532 452 963 398 907 474 185 417 960 992 
548 451 319 923 894 821 768 21 450 970 487 989 
1786 700 905 755 1008 2271 1022 1638 2548 6869 
1295 1431 1693 1227 1319 1770 1972 5127 
16 969 212 639 479 49 466 
963 360 415 1114 1022 1360 1264 1615 5336 
766 738 458 601 751 530 261 200 109 801 644 263 772 673 764 30 408 234 424 577 611 429 686 37 16 218 650 814 437 957 842 554 802 837 969 161 300 67 155 212 368 639 479 953 227 767 675 669 565 668 558 466 270 315 380 532 963 185 417 49 960 
92 29 676 384 356 135 291 70 355 351 359 51 194 217 745 767 771 395 615 100 77 626 800 18 668 629 930 
32 601 261 385 680 705 336 720 557 42 480 224 411 883 489 948 623 473 859 414 129 356 205 649 496 53 144 321 724 216 648 711 242 0 549 11 6 143 265 934 768 212 736 
92 119 264 301 214 97 794 173 29 801 489 244 676 384 408 623 687 202 356 575 34 742 90 895 135 176 508 291 70 355 351 965 359 910 986 535 51 194 721 498 217 754 930 597 745 790 368 181 98 712 685 594 767 771 395 615 100 779 502 77 626 800 786 18 374 668 
972 813 773 879 661 431 214 97 182 580 589 76 708 54 371 263 117 447 274 624 276 923 251 724 387 782 524 562 0 143 653 294 175 354 198 591 626 800 670 487 389 381 697 628 325 20 679 763 
3357 242 5886 6023 6384 
79 139 214 97 109 336 720 224 687 412 143 274 145 106 853 111 83 578 403 560 335 833 365 599 346 964 
370 954 141 200 548 678 772 810 451 319 611 199 297 429 88 923 837 894 576 821 242 560 443 989 11 739 768 917 484 164 52 779 21 519 450 970 487 352 344 533 
548 451 923 821 739 894 
766 410 102 330 692 773 507 385 347 200 343 301 749 661 97 867 590 584 253 956 115 939 231 482 414 611 199 297 950 90 496 675 171 337 321 895 928 904 862 367 251 355 910 916 158 373 194 715 576 663 969 217 378 136 549 966 67 971 736 913 838 760 460 907 897 299 327 354 556 561 511 208 466 780 50 
2271 905 54 3587 4498 
17 6 32 7460 
784 415 108 738 585 796 601 716 472 717 749 65 610 580 557 584 302 987 883 130 921 651 115 451 290 424 356 66 429 686 363 606 145 93 641 624 37 72 367 633 216 912 402 878 387 842 373 194 721 425 821 698 969 111 84 201 242 464 942 237 736 980 191 887 775 760 133 639 685 471 897 239 594 512 52 441 333 502 308 362 992 800 786 561 153 428 476 595 18 668 683 279 352 346 140 
738 32 972 523 716 25 692 507 954 141 200 465 879 370 548 644 883 64 117 678 772 676 810 115 451 482 319 614 611 199 900 297 429 649 274 496 337 894 821 88 923 753 853 798 842 554 576 837 128 498 825 632 663 658 242 989 11 403 880 768 917 919 739 484 298 560 866 685 78 443 344 164 335 52 397 876 779 21 220 553 519 679 153 466 533 269 774 744 450 970 487 521 892 352 110 28 592 41 
706 738 523 518 173 107 828 723 681 384 673 408 234 648 184 806 853 593 387 674 142 6 880 151 82 249 436 758 780 683 823 399 342 156 572 317 635 859 
766 738 458 601 751 200 109 644 263 772 673 764 30 234 424 611 429 686 675 16 218 650 814 437 957 554 802 837 969 161 300 67 212 368 639 479 953 227 767 669 565 466 668 270 315 380 532 963 185 417 49 842 
706 738 523 518 173 644 107 828 723 681 384 673 376 408 687 234 859 541 356 80 6 745 255 821 648 184 59 806 853 593 387 674 142 880 826 151 808 24 82 840 85 683 771 249 758 780 823 399 471 
109 54 719 905 
954 141 200 370 548 772 810 451 319 611 199 297 837 894 821 88 923 443 739 989 768 917 560 779 21 519 450 970 487 352 533 
766 738 458 601 751 530 261 200 109 644 263 772 673 764 234 424 611 429 686 675 16 218 437 554 802 837 969 161 300 212 466 368 639 479 953 243 227 767 565 452 957 
766 738 458 601 751 530 261 200 109 801 644 263 772 673 764 30 408 234 424 577 611 429 686 675 37 16 218 650 814 437 957 842 554 802 837 969 161 300 67 212 466 368 155 639 479 953 227 767 666 669 565 668 558 270 315 380 532 960 963 398 185 417 49 474 721 
954 794 557 302 650 11 117 834 22 541 297 792 88 99 499 184 763 187 817 416 441 268 973 986 798 909 748 552 453 237 341 536 907 840 545 767 844 452 533 491 399 992 
796 788 200 343 945 324 301 382 214 109 483 65 590 411 64 253 772 977 810 413 340 451 614 129 575 627 390 412 229 171 689 951 499 633 345 505 288 609 439 423 920 573 61 178 425 893 802 111 858 700 163 403 143 237 843 745 466 191 298 760 712 897 545 997 198 395 221 295 
766 738 458 601 751 530 261 200 109 801 644 263 650 772 673 764 30 408 234 424 541 577 611 297 429 686 675 37 16 218 814 437 957 986 798 842 554 721 802 837 969 161 300 67 212 466 536 368 155 639 817 907 479 953 227 767 666 669 565 452 668 558 270 315 380 399 532 960 963 398 185 417 49 474 
29 4 33 94 114 68 122 8245 
13 5 22 3462 
415 910 458 119 751 507 10 223 301 555 382 257 610 74 406 644 590 584 883 253 678 787 636 676 384 463 177 939 623 231 859 390 792 531 34 363 641 186 8 144 895 16 135 923 101 724 291 70 525 452 86 871 573 853 936 684 552 731 663 698 242 930 163 612 142 504 265 597 237 443 255 887 98 982 805 639 615 645 737 348 594 512 441 333 397 350 779 502 77 992 295 565 533 89 668 208 935 
200 548 772 451 319 894 821 88 923 989 768 917 779 21 450 970 487 560 
1448 1550 1345 2923 2124 3897 3725 4171 4798 6708 
1345 2124 
766 738 458 601 751 530 261 954 200 109 794 801 644 302 263 650 11 117 772 834 673 764 22 30 408 234 424 541 577 611 297 429 37 218 686 792 675 16 99 499 452 814 437 957 986 798 842 554 969 67 212 466 368 155 953 227 669 668 558 491 532 748 552 721 802 837 187 453 909 161 300 237 536 639 817 416 907 479 545 441 767 666 268 992 565 533 270 315 380 399 963 398 185 417 49 271 960 
935 410 79 702 139 223 870 214 97 109 336 182 720 305 580 249 557 961 42 54 224 411 11 64 681 678 244 106 413 673 376 22 408 687 424 412 686 950 34 274 606 145 496 560 232 641 895 928 135 508 59 91 172 853 83 778 187 111 578 403 143 150 212 917 887 913 460 979 690 335 771 24 591 207 502 511 964 
784 415 108 738 282 585 796 601 472 717 620 749 97 366 182 65 610 580 557 584 302 987 883 130 903 131 651 866 115 451 424 129 686 531 363 606 145 133 641 624 37 367 633 216 912 402 452 878 387 842 373 721 189 837 698 969 84 201 242 464 942 237 843 736 191 874 887 775 639 685 615 992 897 501 953 594 327 512 227 52 441 656 502 308 693 
910 385 79 264 301 964 879 214 97 74 29 801 883 676 384 866 408 594 364 623 687 202 356 575 205 34 232 186 8 321 323 103 135 291 70 355 525 452 269 986 51 194 721 498 524 663 217 754 597 745 790 466 536 98 712 685 615 4 771 395 82 100 779 502 626 800 374 558 691 823 835 28 976 592 718 984 777 369 628 210 930 
5336 
766 738 935 261 349 882 343 223 109 483 867 539 589 434 961 411 921 332 651 764 995 319 541 677 686 90 363 145 675 607 144 624 103 345 724 753 291 625 437 238 5 498 453 181 639 151 856 471 737 808 85 884 591 397 841 779 892 944 270 389 156 222 569 48 290 628 248 56 420 170 708 302 898 
766 738 109 263 772 673 424 611 429 16 437 554 802 668 969 161 212 466 368 639 479 270 417 49 227 
706 415 108 92 560 576 410 798 751 335 330 79 702 264 465 612 370 801 548 590 253 636 810 834 408 516 614 424 129 611 814 34 90 649 496 675 171 8 586 276 895 88 218 923 78 251 176 184 292 7 806 973 280 632 969 80 201 708 966 157 212 432 982 
19 21 24 2395 
320 3384 6507 7151 
3897 
22 19 11 23 21 8442 
773 182 589 76 263 251 724 782 524 562 708 0 143 294 198 626 670 729 972 
566 287 373 1345 729 1295 1431 1448 
766 738 458 601 798 751 530 261 200 109 666 801 644 263 650 117 772 834 673 764 30 408 234 424 541 577 611 297 814 429 686 675 37 16 218 452 437 957 986 842 554 721 802 837 187 368 969 453 161 300 67 212 466 536 155 639 817 416 907 992 479 227 669 953 767 904 565 533 558 532 668 270 315 380 399 963 398 474 185 417 960 973 
103 59 12 84 89 141 132 127 164 2509 
1448 1345 3897 6708 
2831 963 2155 1114 1660 5219 4868 5285 5291 
5 7 10 6050 
798 954 974 794 557 650 11 541 117 834 376 22 614 297 792 276 88 99 499 70 452 973 986 748 552 893 763 187 858 453 201 909 161 840 237 341 416 536 817 907 992 545 441 767 844 553 268 362 533 491 999 967 399 420 444 
1345 3897 
766 585 560 458 576 601 119 102 555 431 610 406 29 42 828 762 263 650 681 772 239 651 834 673 866 504 672 687 231 643 414 205 229 649 274 606 358 53 809 37 103 928 176 216 152 291 70 609 806 194 907 52 5 187 858 201 578 708 300 6 67 354 279 775 685 69 856 690 334 501 348 85 333 350 100 876 275 556 308 626 770 868 208 511 668 445 758 563 491 506 
766 92 601 119 716 102 773 507 139 257 214 97 538 74 95 76 107 11 118 541 64 956 447 376 22 885 72 135 508 184 59 423 789 437 172 387 535 783 778 178 552 782 711 187 524 858 710 84 559 201 930 909 6 840 745 826 460 69 36 897 545 
3725 1448 1345 3897 2124 6708 
7 5 3462 
155 20 71 15 38 156 130 147 166 7506 
4162 1114 1615 963 4868 2761 5219 
310 94 216 153 80 314 271 286 350 8685 
16 212 466 479 49 969 
267 205 107 262 188 534 320 621 884 5127 
299 47 158 92 250 349 276 460 6082 
233 146 2 219 404 254 8451 
7 5 3366 
963 1114 5219 8879 
1603 1095 1070 1345 1550 1971 1448 2124 8523 
766 738 601 200 109 263 772 673 764 424 611 297 429 686 675 16 218 437 554 802 837 969 161 212 466 368 565 639 479 953 227 668 963 270 380 973 
1319 1191 1108 1254 188 1550 1345 1448 1928 8666 
1448 1345 3897 6518 
262 523 717 141 343 945 382 182 652 76 801 590 584 828 411 883 678 244 787 764 451 939 623 297 496 144 323 928 951 923 176 216 152 288 70 648 596 193 59 423 920 437 878 986 783 554 24 373 194 425 187 524 250 84 403 597 873 191 874 726 240 4 198 591 832 491 896 574 248 626 668 374 89 506 154 629 346 126 983 449 492 378 442 420 462 811 81 230 304 747 766 
155 20 65 15 156 130 7506 
2418 849 3462 3464 6350 
1615 963 1114 5219 8245 
259 33 552 3750 
548 451 319 821 923 768 450 970 487 894 
