100 50 30
0 7.8 131537.8
1 755605.3 458650.1
2 532767.2 218959.2
3 47044.6 678864.7
4 679296.4 934692.9
5 383502.1 519416.4
6 830965.3 34572.1
7 53461.6 529700.2
8 671149.4 7698.2
9 383415.7 66842.2
10 417486.0 686772.7
11 588976.6 930436.5
12 846166.9 526928.8
13 91964.9 653919.0
14 415999.4 701190.6
15 910320.8 762198.0
16 262453.0 47464.5
17 736081.9 328234.2
18 632638.6 756410.5
19 991037.4 365338.7
20 247038.9 982550.3
21 722660.4 753355.8
22 651518.6 72685.9
23 631634.7 884707.1
24 272710.0 436411.4
25 766494.8 477731.8
26 237774.4 274906.8
27 359265.0 166507.2
28 486517.4 897656.3
29 909208.1 60564.3
30 904653.1 504522.9
31 516292.0 319032.9
32 986642.1 493976.7
33 266144.5 90732.9
34 947764.2 73749.1
35 500707.1 384142.1
36 277081.8 913817.4
37 529747.4 464445.8
38 940980.0 50084.0
39 761514.3 770204.5
40 827817.3 125365.4
41 15867.7 688455.3
42 868247.1 629543.4
43 736224.5 725412.0
44 999457.9 888572.2
45 233194.9 306321.8
46 351015.2 513273.7
47 591113.6 845981.6
48 412080.8 841510.6
49 269317.3 415394.6
50 537304.0 467917.4
51 287212.4 178327.7
52 153720.0 571654.8
53 802405.7 33053.8
54 534449.8 498480.1
55 955360.8 748292.7
56 554583.8 890737.5
57 624849.3 842039.6
58 159767.5 212751.5
59 714710.0 130427.3
60 90990.3 274588.1
61 2999.6 414293.3
62 26876.3 709819.6
63 937897.3 239910.8
64 180895.9 317539.5
65 886990.7 652058.7
66 150335.1 681346.2
67 385814.7 387725.3
68 499741.0 147533.0
69 587186.6 845575.7
70 590108.6 955408.8
71 556146.1 148151.6
72 983305.1 408766.7
73 141819.8 564898.7
74 252126.4 488514.5
75 464030.5 961095.1
76 126030.8 199757.2
77 319249.7 629269.2
78 126712.2 651253.7
79 621634.0 803073.0
80 247841.8 476431.8
81 389314.2 203250.3
82 28375.2 901673.5
83 426497.4 142021.0
84 947486.8 410313.0
85 131188.5 885648.4
86 92173.6 162198.6
87 71063.6 365339.0
88 253057.4 135109.4
89 783153.2 455307.3
90 349524.1 452300.2
91 808944.6 931674.4
92 651646.1 215248.4
93 679592.4 908921.9
94 250125.6 860859.8
95 471262.3 505955.9
96 600393.7 817561.5
97 755843.5 462245.0
98 951367.5 632738.7
99 439330.3 824697.4
0 7 70 99 96 85 29 54 51
1 1 41
2 6 88 44 73 87 72 80
3 7 74 1 89 53 46 6 72
4 5 67 68 20 92 87
5 9 54 14 45 99 21 45 31 51 89
6 4 47 81 36 21
7 10 15 63 62 0 0 78 73 32 42 68
8 7 20 84 71 83 9 8 77
9 6 21 21 8 39 96 95
10 4 27 69 28 78
11 8 42 28 19 1 19 99 24 82
12 1 40
13 6 17 83 15 99 25 23
14 1 22
15 6 70 80 70 76 67 63
16 0
17 6 22 32 70 11 77 53
18 6 59 33 71 14 16 49
19 9 82 56 74 31 13 53 31 59 52
20 4 26 37 39 45
21 5 39 28 7 37 25
22 7 68 51 73 72 95 46 94
23 3 46 52 66
24 4 61 99 15 67
25 3 54 52 83
26 0
27 3 64 55 92
28 2 97 24
29 9 70 46 82 2 16 71 71 44 58
30 8 100 70 28 76 17 0 50 8
31 1 91
32 8 75 44 0 59 52 6 54 39
33 2 38 63
34 7 71 54 28 82 37 69 31
35 0
36 1 52
37 8 22 5 7 16 73 29 5 48
38 5 52 45 15 28 84
39 7 58 68 33 5 99 54 0
40 9 2 38 49 58 74 68 54 3 12
41 10 19 35 62 61 12 55 96 36 84 98
42 2 25 42
43 8 90 24 76 70 45 26 67 11
44 2 11 55
45 0
46 1 60
47 4 8 69 37 84
48 1 98
49 0
t 49 769437.4 934030.5
t 36 769114.1 499955.3
q 34 681665.8 756770.2
t 23 221667.3 562602.0
q 31 371465.7 224801.2
t 65 165927.5 744104.2
t 4 661993.5 124944.9
q 24 621045.6 914025.0
t 59 721871.6 496582.0
t 44 519174.9 771944.2
t 44 977180.2 467741.4
t 45 743274.0 205341.3
t 37 939725.4 964851.2
t 7 123848.8 526337.8
t 52 105184.8 841576.0
t 42 327227.6 713546.5
q 44 758245.8 836597.8
q 19 935241.6 605602.6
t 54 455072.4 401692.2
t 8 421578.7 472379.9
t 10 216386.1 802018.6
q 34 863642.8 243750.3
q 13 382821.5 81005.5
t 23 795352.6 491343.1
t 26 664688.8 425191.1
t 97 134039.1 795855.7
q 8 606001.3 63803.6
t 29 509658.2 825836.5
q 37 329434.3 802084.4
q 2 41420.4 153315.1
