1000 800 100
0 86518.0 107977.7
1 781243.1 352863.2
2 572447.1 117955.6
3 479666.9 761472.8
4 73430.7 150076.7
5 339135.7 853272.7
6 954075.7 150847.5
7 294406.5 89346.4
8 645696.8 225625.2
9 82115.4 113006.0
10 292522.8 430587.1
11 877367.3 912601.1
12 87466.5 50260.6
13 729539.6 371753.2
14 56574.6 849495.2
15 466380.5 456523.2
16 786232.6 211580.3
17 29395.6 51111.2
18 26312.7 237017.0
19 545262.5 226085.6
20 820719.7 836393.0
21 256634.7 259931.2
22 662979.2 690613.8
23 145354.8 978193.9
24 505481.1 621559.0
25 541767.5 486366.8
26 367101.5 875403.3
27 902501.8 346947.4
28 144279.8 909862.2
29 53960.0 905684.1
30 832002.7 469249.7
31 679503.6 416268.9
32 231633.1 58205.5
33 259451.8 605669.4
34 485418.1 421312.4
35 998177.7 372427.4
36 387560.7 733017.8
37 829433.1 282921.5
38 61489.0 445709.3
39 36572.4 672734.3
40 645497.3 872988.6
41 319044.0 171900.1
42 124959.8 199726.2
43 798005.7 81041.0
44 56648.6 93817.5
45 790855.1 902304.4
46 29357.3 407423.7
47 569389.0 721687.8
48 406512.3 251877.4
49 303481.0 604887.8
50 349131.2 847736.7
51 911059.6 178748.5
52 226417.7 402337.6
53 87678.7 615923.1
54 819666.5 134124.0
55 222078.4 471791.3
56 395834.8 795492.1
57 835779.0 936893.8
58 374014.6 63607.3
59 47761.3 724844.4
60 460530.3 133165.3
61 110002.5 811181.0
62 519479.8 896752.5
63 719023.7 630632.8
64 46015.4 380772.9
65 650733.2 872207.1
66 185120.6 322736.4
67 230649.0 518387.1
68 532568.3 876035.1
69 522368.3 443963.6
70 696547.2 867973.6
71 32490.6 70225.0
72 271261.1 84968.7
73 68661.1 986329.5
74 239649.8 793621.1
75 390413.4 677895.9
76 395705.6 623455.5
77 416511.2 303035.7
78 120202.2 237742.8
79 742698.1 526595.7
80 493387.3 360246.3
81 659977.8 246619.4
82 932572.5 746176.6
83 990333.2 529982.2
84 410759.5 634508.7
85 188510.4 293484.4
86 592626.6 275217.1
87 573333.1 8648.4
88 353059.5 871246.1
89 32582.4 611761.5
90 874778.3 398465.5
91 9195.6 550780.8
92 973703.3 30543.1
93 337100.8 653064.3
94 51340.3 877152.4
95 301068.3 54363.4
96 685096.4 415612.6
97 200678.7 807329.2
98 782030.7 590728.6
99 374975.1 206550.4
100 493408.0 708590.2
101 275390.2 483905.0
102 991294.3 683146.6
103 644757.5 438805.3
104 442.6 438236.1
105 434615.8 587451.4
106 295931.0 711807.2
107 343400.5 532562.6
108 778964.7 59182.0
109 671152.4 58960.9
110 955928.0 281702.6
111 575850.1 312177.8
112 771647.1 72672.7
113 410062.4 918387.0
114 330433.3 592526.5
115 593236.4 524207.6
116 357644.8 935907.6
117 798719.3 75930.2
118 159201.6 700746.7
119 449294.3 289543.2
120 352303.3 162349.4
121 606079.4 375683.1
122 106153.6 123390.3
123 820721.6 868473.3
124 430028.3 486146.8
125 669869.9 503519.9
126 659059.6 814075.8
127 171955.6 57526.5
128 847948.0 461382.4
129 454810.6 2357.0
130 613582.8 486189.4
131 385372.2 951187.5
132 608825.3 526436.5
133 818334.3 744259.0
134 760851.5 631528.0
135 90825.0 496289.7
136 140511.1 569756.6
137 899244.5 602676.2
138 178424.3 777511.6
139 637325.4 527838.8
140 386474.8 482566.4
141 493581.9 631199.1
142 563154.3 934977.6
143 168708.6 485380.7
144 792667.2 356882.9
145 130527.4 774364.1
146 737439.9 151750.5
147 471168.7 931971.3
148 641206.9 764398.9
149 251862.0 44827.3
150 412527.4 348838.0
151 919526.8 486630.4
152 796599.6 448896.4
153 602309.8 20762.2
154 950405.2 459507.5
155 942443.5 648354.7
156 898110.4 542258.2
157 733802.6 19784.6
158 519537.7 870172.8
159 994499.5 553791.5
160 573473.6 371460.5
161 137451.1 140438.0
162 342010.6 171805.1
163 528967.5 356279.1
164 982677.0 852888.5
165 497759.4 841745.6
166 217493.6 414917.0
167 509797.0 158618.9
168 908236.9 738013.8
169 798306.3 134238.1
170 139554.5 492961.9
171 210983.2 995113.6
172 874479.4 375462.5
173 399076.4 276969.5
174 25784.1 353735.7
175 236519.5 183154.7
176 281730.7 47404.5
177 726989.0 503520.0
178 660421.4 701650.9
179 647281.6 862649.5
180 549447.3 560280.9
181 640573.9 124817.7
182 811157.4 122753.3
183 114733.7 329636.3
184 196795.5 541983.7
185 120658.8 912092.6
186 540844.4 971012.4
187 805148.3 126839.0
188 783070.6 68208.6
189 381180.4 498626.3
190 411463.3 463118.9
191 639216.4 309738.2
192 770362.9 489729.8
193 889406.4 253658.0
194 229975.2 193803.0
195 246956.5 598136.0
196 871778.0 972307.4
197 571032.5 343292.8
198 722206.0 115500.3
199 214078.4 15886.6
200 5438.9 411742.5
201 156303.0 983867.7
202 864061.7 284422.5
203 289618.1 611957.5
204 169351.0 282686.6
205 114416.2 993015.1
206 604429.8 651701.4
207 144653.2 186547.7
208 307748.5 329241.9
209 568604.2 531516.3
210 195265.2 822116.0
211 303643.8 341315.2
212 484453.1 203799.6
213 260485.6 981171.8
214 554243.8 176040.0
215 705014.0 169852.6
216 713189.0 567501.7
217 1241.0 857336.7
218 257703.8 228492.3
219 270777.0 949841.3
220 983237.9 278568.5
221 901371.8 355925.8
222 45225.5 104527.1
223 786892.1 295112.2
224 951132.6 685086.7
225 252839.8 477760.9
226 727838.2 776587.0
227 97724.9 461817.9
228 772622.4 465026.6
229 701941.6 532540.5
230 407697.4 169588.0
231 265878.1 614002.7
232 543719.6 295821.6
233 873346.1 327739.0
234 308747.0 111075.1
235 838510.4 844528.8
236 996344.4 560747.3
237 480193.2 606436.2
238 373162.9 749350.1
239 327078.8 213866.8
240 459545.2 576817.7
241 575310.5 243106.3
242 887351.4 714998.3
243 975591.6 767949.6
244 928663.3 43971.0
245 21164.9 717866.7
246 184914.9 864545.6
247 417428.9 728300.7
248 550676.1 213443.2
249 340460.6 121664.6
250 817292.8 240905.0
251 890718.6 308257.0
252 875433.6 413274.1
253 897614.9 214422.2
254 793421.9 42175.2
255 839061.4 104790.7
256 217266.7 600837.7
257 278736.7 727716.4
258 728895.7 550835.1
259 885318.7 552106.0
260 245030.1 220430.7
261 779154.1 243175.9
262 57964.9 216584.2
263 130448.3 444131.8
264 522664.7 426347.7
265 625545.9 550162.8
266 586225.1 685070.1
267 973665.3 393320.1
268 530390.2 267731.2
269 757599.1 968682.3
270 644117.4 681711.2
271 519849.0 102249.4
272 505091.2 68180.0
273 901017.0 392248.1
274 513736.0 360225.1
275 303666.7 725738.6
276 489068.9 781620.5
277 696315.5 975106.2
278 610517.1 960543.9
279 861041.8 530010.9
280 893544.7 806045.9
281 214020.6 44172.4
282 405200.8 210544.1
283 614573.5 136437.8
284 110446.4 271918.0
285 125236.5 849505.2
286 634083.9 48247.6
287 897076.6 166607.1
288 165758.8 908555.9
289 98348.9 950170.1
290 508646.7 825459.8
291 503236.2 890413.6
292 182071.2 71115.5
293 238894.9 106356.5
294 534356.8 934928.1
295 336045.5 917024.5
296 431228.2 652047.3
297 958604.7 268612.3
298 566631.6 376793.5
299 767958.9 85386.3
300 88178.6 17741.8
301 186758.4 848844.1
302 522251.8 485868.6
303 994256.0 461203.0
304 438684.5 969562.4
305 434515.3 898348.7
306 547418.3 459960.4
307 554628.5 641849.8
308 569453.0 796021.3
309 730228.5 950060.4
310 665740.2 96334.6
311 95597.6 709249.1
312 349608.8 875674.1
313 454936.4 116016.7
314 892488.8 59949.3
315 567850.7 866228.2
316 697317.7 818892.9
317 133554.2 645286.9
318 336565.4 654093.6
319 351013.1 476348.9
320 995829.1 900071.4
321 500758.4 245684.5
322 219876.2 458895.3
323 653569.8 547474.6
324 406129.3 815526.1
325 547276.6 77151.9
326 691188.3 801059.6
327 408937.7 15686.0
328 635318.2 793252.4
329 192907.2 191910.0
330 431192.4 50238.6
331 360385.4 997362.1
332 664737.3 240072.7
333 901326.2 589622.5
334 785775.0 520615.0
335 976525.1 456595.5
336 321.6 405579.3
337 571817.0 528776.2
338 142317.9 937673.7
339 482486.6 151884.0
340 713564.3 875954.5
341 166911.6 282897.3
342 655190.9 792975.7
343 541876.0 309785.6
344 567134.3 825789.5
345 44837.8 588988.6
346 131347.2 552726.3
347 671154.8 99501.5
348 321670.6 317271.6
349 383533.4 46467.6
350 980232.3 763784.7
351 929295.8 673769.2
352 39634.3 133287.9
353 170043.7 924700.5
354 441177.3 867177.1
355 645720.8 629739.7
356 35806.1 793817.6
357 692084.7 866890.9
358 834953.4 61359.4
359 267122.0 520176.0
360 597221.5 501524.4
361 120946.3 745141.7
362 597307.6 948048.8
363 855715.5 10027.1
364 525240.6 718238.0
365 425246.9 125308.2
366 54265.2 35039.5
367 909125.0 663784.4
368 224065.4 867065.4
369 768597.5 817404.8
370 121699.0 394276.3
371 601260.3 381886.8
372 371932.8 74477.4
373 741367.8 167856.1
374 157943.9 562349.4
375 406542.7 762720.2
376 37988.7 475478.1
377 360542.1 630857.1
378 815069.6 874938.1
379 84217.1 437339.3
380 362382.6 563525.0
381 165104.1 904195.4
382 812876.8 19633.9
383 986854.2 58089.6
384 311789.3 243249.9
385 300541.9 208132.1
386 76242.5 408277.0
387 911414.2 138442.6
388 805173.1 543530.6
389 117987.0 6772.9
390 831504.2 91880.6
391 236461.7 212575.4
392 754471.9 408977.8
393 689528.6 907339.6
394 655888.1 510615.7
395 918283.9 598176.0
396 544650.1 933643.0
397 738608.2 788384.9
398 385442.5 131544.9
399 874957.5 409919.3
400 513930.7 633471.0
401 747415.2 806456.2
402 109693.7 621625.1
403 653691.1 586079.5
404 237647.1 134246.1
405 274989.8 754385.7
406 961083.8 935646.5
407 411522.8 464182.0
408 506160.0 30894.9
409 250087.1 214300.0
410 739970.5 683473.4
411 137045.1 317777.2
412 880583.4 965365.7
413 900512.8 918763.3
414 655118.0 567569.7
415 144235.3 162068.3
416 881378.5 328359.0
417 729197.7 625249.4
418 567168.3 397278.9
419 65665.8 645220.6
420 222630.4 749169.4
421 289899.7 344422.1
422 702161.0 220122.2
423 593487.9 751667.9
424 283137.0 684323.2
425 419378.6 495821.8
426 277451.8 132462.6
427 299299.0 318934.3
428 328203.2 110518.0
429 475950.1 293177.8
430 439087.7 746329.4
431 558352.8 235178.9
432 651499.4 750396.0
433 905519.0 57539.1
434 60277.4 81574.8
435 27201.8 180436.1
436 588733.8 848914.5
437 705810.1 550956.2
438 920315.6 744703.4
439 229696.6 510433.2
440 850691.6 572886.6
441 504983.8 262534.9
442 423301.1 421548.5
443 965849.5 32580.1
444 572911.4 921197.9
445 573646.1 269940.8
446 894214.3 60302.3
447 501068.2 452646.3
448 625705.7 235804.9
449 172839.8 918197.3
450 142385.3 69139.8
451 32056.2 768919.0
452 221786.7 568234.4
453 315438.2 570108.1
454 806173.2 353663.9
455 28535.1 588630.4
456 111460.5 316842.4
457 169428.9 591028.6
458 417997.9 290331.7
459 605633.6 883546.8
460 770790.9 682084.9
461 801332.1 988702.0
462 114711.6 957312.4
463 549600.2 129991.0
464 757932.8 576307.2
465 995473.2 917485.2
466 173972.7 958924.1
467 637932.0 723876.1
468 186112.0 984215.7
469 712449.1 132754.9
470 211918.8 720089.5
471 544550.3 256976.5
472 3640.9 193395.1
473 391730.1 807972.4
474 591592.8 900653.8
475 289041.9 926559.4
476 684239.1 5889.3
477 982056.4 422631.4
478 166736.5 339619.0
479 976128.3 788247.1
480 69463.3 469277.6
481 148013.5 662880.5
482 33035.7 231052.8
483 304585.0 159440.5
484 717278.5 299858.3
485 718920.3 893257.1
486 972425.5 555298.9
487 907947.5 873174.0
488 435347.7 888382.9
489 52151.4 509255.5
490 56598.4 249853.2
491 281932.9 446780.1
492 33731.2 919610.1
493 886572.2 618453.7
494 350904.1 644657.6
495 760354.3 274859.6
496 565232.9 868673.3
497 792948.8 89871.9
498 476369.2 337356.2
499 946070.4 605808.3
500 820141.4 116582.4
501 399868.3 586532.2
502 845989.3 542687.2
503 944119.2 810934.1
504 368796.2 356961.9
505 458818.8 367767.8
506 72722.8 252140.6
507 726702.3 685074.9
508 53470.8 684145.8
509 437860.6 123126.4
510 385119.0 695505.3
511 358069.0 65229.1
512 305299.3 165709.3
513 75775.4 556926.0
514 254651.3 924059.1
515 662028.5 713096.6
516 13936.1 224143.4
517 178459.7 371916.5
518 800797.1 996454.2
519 405344.3 621480.6
520 224824.3 622756.0
521 659535.8 817704.5
522 159462.4 84663.9
523 946709.3 343954.8
524 847749.9 132084.1
525 937423.5 276321.8
526 140713.2 967230.5
527 242304.2 406673.0
528 952593.1 231875.6
529 133865.5 878005.2
530 633255.7 128118.5
531 287867.2 184049.9
532 326767.3 977517.1
533 129321.2 501923.3
534 824795.1 331407.1
535 959350.8 808850.7
536 353800.1 318178.5
537 626240.6 226495.3
538 706187.2 888570.0
539 195784.8 555694.5
540 557575.2 165643.1
541 963718.8 221070.9
542 538815.3 868164.0
543 232497.4 583352.0
544 397373.6 657658.9
545 272858.0 923639.4
546 607104.5 604730.7
547 708349.8 235723.7
548 807639.2 992584.8
549 372402.9 974727.6
550 246231.0 404292.7
551 947112.7 122482.8
552 567589.7 480111.7
553 237784.2 439385.8
554 757420.6 967958.5
555 477689.9 533917.7
556 555468.0 750218.7
557 925542.8 597788.0
558 22193.1 998693.5
559 41117.5 61690.6
560 833619.4 640455.0
561 127027.4 949204.8
562 285788.5 247458.4
563 33545.5 799056.6
564 745070.4 397572.1
565 994353.2 93454.9
566 696704.0 504348.7
567 588729.0 767849.0
568 237400.5 991028.9
569 222249.2 341658.3
570 250444.6 222298.4
571 169954.2 420714.9
572 955967.6 948016.2
573 308519.2 282493.5
574 867928.7 276964.3
575 938308.8 155877.7
576 835833.3 850630.2
577 542318.1 740578.9
578 909313.5 832579.5
579 164493.3 639153.0
580 244561.5 345858.9
581 849773.8 147801.5
582 99879.0 665756.8
583 374491.6 80126.0
584 678005.2 233947.5
585 956059.0 483377.7
586 128721.6 423391.1
587 933509.1 488065.3
588 913564.3 274597.4
589 158259.1 860934.4
590 725258.0 411136.7
591 974353.1 952249.2
592 451992.4 635792.8
593 769089.6 89728.4
594 64548.3 863335.3
595 76350.9 229254.0
596 71657.0 339968.4
597 848667.9 562193.7
598 789788.3 971716.7
599 642907.4 345219.4
600 101946.1 407949.1
601 400593.7 777988.4
602 651629.3 932888.6
603 59271.7 180107.7
604 70666.1 684468.5
605 861738.0 230292.1
606 519138.6 161831.7
607 905543.8 474293.3
608 447496.0 64981.7
609 146726.7 35828.3
610 165405.8 974727.9
611 251983.4 84567.0
612 317024.5 230329.7
613 151509.2 415113.7
614 815577.1 404952.7
615 40278.9 967237.0
616 351716.8 304951.2
617 314997.4 160719.9
618 219844.6 927430.1
619 316990.4 656860.3
620 851620.8 190735.2
621 685810.6 418398.6
622 24859.9 820028.5
623 218453.0 540109.9
624 627740.2 429493.9
625 504597.6 772659.0
626 80163.6 309014.1
627 599654.4 390766.3
628 608914.1 20005.2
629 226747.9 952736.0
630 634727.5 865581.2
631 824025.5 396758.8
632 325348.8 137253.7
633 822120.1 372140.2
634 560037.0 542233.0
635 309754.2 39347.4
636 311970.5 288724.9
637 600042.1 907157.9
638 602077.9 123371.2
639 499590.0 609950.2
640 432448.0 153933.8
641 164584.4 170186.5
642 324367.1 637013.3
643 281831.3 738620.3
644 990704.4 768803.8
645 284729.0 439517.8
646 975773.7 827856.5
647 783844.8 79210.9
648 297843.5 855746.6
649 533830.3 86325.4
650 871241.8 961276.3
651 170973.7 554687.8
652 637113.5 966895.6
653 613634.2 350204.9
654 894107.7 267547.2
655 666089.4 963912.3
656 474586.5 375799.8
657 67864.4 596139.5
658 317151.1 358640.4
659 669154.6 482036.7
660 591102.5 660261.8
661 20368.1 327215.0
662 501686.7 848850.8
663 635812.4 99174.6
664 827481.1 474617.2
665 891299.3 67356.0
666 51896.6 225390.5
667 138267.0 853880.5
668 169772.9 373408.5
669 876625.1 437345.1
670 458553.0 899865.7
671 43303.2 797016.5
672 456690.1 590115.5
673 71098.2 947730.5
674 506024.2 749555.2
675 774070.1 796512.1
676 978415.6 230371.2
677 847985.6 94418.3
678 888804.6 138842.7
679 529503.4 364187.5
680 899158.4 154970.0
681 581449.2 416222.6
682 453222.5 309796.8
683 754106.2 263548.3
684 455985.0 740640.2
685 940649.0 487687.7
686 567036.2 177587.5
687 712806.0 130555.6
688 248164.7 903596.3
689 742350.9 691505.2
690 127757.0 211388.0
691 798419.9 42956.5
692 969940.2 785754.8
693 181107.1 867275.4
694 297718.7 757598.8
695 962820.4 122314.1
696 733324.9 990900.2
697 59588.5 504660.7
698 831762.4 431344.0
699 599240.1 428756.9
700 117169.1 260804.0
701 332694.4 594558.2
702 738855.9 950870.7
703 284217.6 844575.6
704 782221.5 796205.9
705 833016.1 500783.2
706 662540.4 317086.0
707 265171.4 735546.4
708 328840.9 829270.7
709 552919.5 918691.1
710 441615.9 238904.8
711 272213.0 83163.1
712 722916.0 49641.2
713 320319.8 614304.8
714 621554.1 459684.5
715 918044.8 578482.3
716 552819.6 239715.8
717 903001.2 740344.9
718 976711.7 593255.6
719 846591.4 662214.0
720 830339.4 514953.5
721 823973.7 526004.8
722 562577.8 244711.6
723 867092.4 222072.9
724 379925.3 405277.6
725 500220.2 200530.4
726 315061.1 231085.5
727 853902.2 533714.7
728 143632.7 35317.8
729 585779.8 200627.1
730 939948.4 712046.4
731 364080.3 98154.3
732 679162.5 684705.7
733 847864.4 56549.2
734 421838.9 847023.0
735 914902.5 767073.9
736 211426.3 442577.0
737 392147.4 821588.8
738 443512.9 121349.6
739 522065.3 351900.8
740 396985.4 132799.2
741 955807.4 255314.7
742 74819.6 493365.7
743 996789.7 45096.4
744 935456.7 220446.0
745 35671.2 525720.1
746 778005.2 933308.1
747 109421.7 50422.9
748 457005.8 896307.8
749 244543.6 44520.2
750 250316.9 76081.0
751 693849.5 528814.7
752 788940.4 721267.9
753 349811.7 284433.6
754 475486.6 502888.1
755 40147.8 764669.7
756 803537.5 54731.2
757 867020.3 9862.3
758 754995.4 208133.4
759 98586.8 948662.1
760 164609.1 584569.3
761 855635.9 672007.5
762 430366.2 165539.5
763 222742.9 640098.5
764 134893.0 146317.6
765 160535.0 112353.3
766 322496.7 201391.5
767 787379.6 488937.3
768 569966.8 432764.2
769 467107.1 669736.8
770 266923.6 184577.4
771 191914.9 513204.9
772 434720.6 348556.7
773 192094.5 532618.2
774 713386.2 881859.5
775 412990.6 132811.8
776 167471.6 694795.1
777 420758.4 686183.5
778 686725.5 796290.7
779 257102.2 116713.7
780 606967.0 295090.8
781 591690.9 549090.7
782 567207.3 53152.1
783 326925.6 638036.5
784 479636.0 241966.2
785 726591.6 824394.7
786 602028.7 296820.5
787 662246.5 376267.8
788 933365.5 73223.4
789 665957.1 741223.5
790 742753.9 464296.4
791 430398.1 700714.5
792 908233.9 687635.5
793 89564.0 302779.1
794 808655.3 70254.7
795 770700.8 168919.0
796 22296.9 744498.2
797 780905.2 674096.7
798 542597.1 429802.8
799 695844.0 50610.0
800 601586.2 858819.2
801 173764.3 456976.1
802 396938.4 344433.4
803 891332.2 619999.4
804 329730.7 784006.7
805 800032.5 146815.9
806 534797.1 334893.3
807 550877.3 594450.4
808 928014.0 132063.5
809 591584.0 753001.6
810 697130.8 676550.9
811 790850.2 819188.3
812 98047.2 878901.9
813 704988.0 733626.5
814 59953.5 638053.2
815 760187.8 477057.8
816 910576.3 55673.8
817 709188.2 326772.8
818 70603.9 639773.4
819 671625.5 9464.2
820 64928.9 259913.0
821 357516.0 770742.5
822 869629.5 863545.0
823 600204.9 644516.6
824 390396.6 396467.4
825 428381.7 811674.7
826 816417.3 525945.5
827 566821.0 560388.3
828 446344.2 707138.2
829 871542.2 9041.9
830 966654.6 563738.6
831 754050.1 319242.0
832 501081.1 669280.2
833 591681.5 391123.3
834 608491.4 915328.9
835 932662.8 264116.6
836 7419.1 693432.6
837 521146.3 905739.3
838 760617.1 690888.5
839 762192.6 171721.9
840 129886.6 3581.7
841 197254.8 262055.2
842 362563.4 602801.6
843 286676.0 163806.0
844 87807.6 783076.1
845 159354.5 270261.1
846 278208.5 850899.6
847 70365.8 637900.4
848 191338.7 828855.6
849 575672.2 322872.5
850 518852.4 353044.3
851 616223.8 873755.7
852 212337.7 760229.5
853 178034.4 224109.1
854 601961.5 166904.1
855 157158.9 369086.6
856 237869.3 868856.5
857 871349.4 768846.7
858 6985.4 404296.6
859 12932.4 355281.0
860 208349.4 727721.2
861 810250.9 886142.8
862 402643.0 220227.3
863 360463.0 301172.6
864 807939.7 41907.8
865 344103.6 349237.5
866 634543.8 777319.4
867 407437.6 803436.6
868 359242.2 783672.5
869 184072.6 707715.8
870 579354.9 218379.1
871 297094.7 270076.1
872 169801.6 856045.0
873 548944.3 106354.2
874 494888.4 589862.5
875 818405.7 944409.2
876 686049.9 440870.6
877 712605.1 753845.1
878 874856.9 720519.2
879 766982.1 668622.0
880 529938.2 670588.4
881 579732.9 570769.1
882 915907.9 663915.6
883 429129.3 375799.2
884 56915.3 574773.9
885 225305.4 707105.8
886 327789.5 158135.0
887 775684.4 928522.9
888 684696.4 691853.5
889 982280.3 185346.3
890 115293.2 732792.0
891 34653.7 424046.7
892 953311.0 297593.5
893 653401.1 713100.2
894 75388.8 58855.9
895 191449.6 692752.4
896 89145.2 263985.2
897 799670.8 67237.5
898 60203.0 831374.9
899 917848.2 275058.0
900 899360.1 544875.8
901 727467.7 549872.8
902 712713.6 578242.2
903 517113.2 121570.8
904 240584.7 506567.9
905 886903.9 194029.6
906 55017.4 676637.2
907 242187.8 449697.2
908 60205.7 876666.1
909 127028.2 963057.5
910 107673.5 668878.7
911 844279.0 797066.9
912 302830.2 666542.8
913 584902.0 448093.2
914 103129.8 303025.9
915 955707.5 576511.6
916 430036.2 618122.9
917 791591.4 276068.1
918 876234.2 868000.3
919 480714.6 370889.7
920 543668.5 436674.1
921 181114.9 997889.7
922 531865.0 54820.9
923 374872.1 474739.3
924 943185.5 118500.2
925 632848.4 282377.7
926 921502.8 697515.3
927 139073.6 409418.2
928 91121.7 482031.3
929 499221.0 406629.0
930 213885.6 774666.2
931 814319.5 268003.3
932 332018.1 227398.6
933 887676.6 180018.9
934 576909.6 119147.9
935 518733.2 348812.9
936 498671.6 173610.8
937 876003.8 996702.4
938 576885.2 709476.6
939 173212.8 188222.6
940 457516.1 472568.4
941 457395.5 446266.6
942 403280.7 939113.1
943 673574.8 771976.4
944 607520.2 591526.2
945 780269.9 996980.2
946 246660.6 624603.6
947 712017.6 879737.6
948 750597.3 288193.2
949 662641.4 14609.9
950 548344.1 18719.9
951 625154.8 977530.9
952 362515.7 801858.8
953 840975.2 270737.9
954 291956.7 916766.5
955 95184.8 771282.3
956 941949.0 336022.7
957 534088.1 418792.1
958 639237.6 666299.8
959 500452.9 112603.7
960 530766.7 596227.3
961 791545.2 499473.1
962 644592.3 663089.5
963 545424.1 943455.8
964 661527.5 293496.3
965 792989.5 774131.3
966 825186.6 910675.7
967 727104.5 445375.2
968 421802.1 227378.0
969 542064.1 471294.5
970 45881.4 129322.2
971 517529.1 111144.7
972 8419.6 507713.9
973 146722.1 958417.6
974 125143.2 282486.1
975 743528.5 483821.7
976 591712.5 912030.7
977 500594.7 494363.5
978 768143.4 185904.3
979 492942.8 888998.6
980 398971.6 515919.0
981 50385.1 822162.0
982 77084.7 563228.4
983 180419.1 303087.0
984 982722.8 622760.7
985 738441.2 981684.6
986 172320.8 195294.0
987 305996.9 890471.3
988 151570.5 446159.6
989 603787.1 850098.7
990 608658.5 723093.6
991 34923.7 962691.3
992 952797.6 669224.8
993 661955.8 491118.6
994 229846.6 31557.2
995 381461.7 226535.9
996 389280.6 638256.9
997 183911.3 997858.9
998 14823.7 142385.0
999 64866.6 212423.9
0 2 799 678
1 8 884 146 458 686 196 510 610 293
2 4 201 843 402 539
3 3 735 824 407
4 1 951
5 9 918 718 441 145 883 13 660 723 823
6 10 564 713 26 737 837 72 685 672 464 705
7 10 542 1 8 420 843 181 883 264 254 701
8 9 360 1 529 679 768 841 524 593 845
9 1 821
10 4 507 231 268 964
11 6 848 113 707 723 525 261
12 9 783 137 857 156 640 276 941 600 951
13 3 214 546 342
14 6 341 481 559 14 749 917
15 8 479 612 821 698 321 547 288 741
16 5 449 384 517 300 451
17 3 892 172 14
18 4 427 101 491 514
19 5 263 155 285 416 990
20 1 163
21 7 102 137 853 17 541 423 6
22 1 268
23 2 760 911
24 4 471 208 916 383
25 1 175
26 1 372
27 0
28 6 466 155 807 156 619 352
29 5 816 634 281 3 929
30 1 790
31 10 65 426 231 719 426 955 960 325 7 537
32 9 69 707 526 126 89 243 615 355 790
33 3 545 422 546
34 9 100 962 220 542 141 457 687 271 4
35 9 493 418 647 951 489 483 980 281 806
36 3 84 409 868
37 5 975 690 719 70 246
38 3 441 512 321
39 8 509 588 879 45 310 694 952 246
40 10 79 148 525 572 819 765 1000 30 411 831
41 3 601 417 470
42 9 190 578 566 559 275 375 524 471 519
43 6 317 81 975 659 604 769
44 6 943 564 831 105 168 198
45 7 505 796 216 605 382 198 585
46 7 712 500 948 951 927 435 17
47 3 173 87 325
48 1 259
49 3 219 799 116
50 4 234 17 575 741
51 9 256 726 864 476 615 963 866 48 482
52 10 219 593 777 339 564 752 703 531 798 639
53 2 718 326
54 3 464 433 585
55 8 210 396 460 809 204 281 383 1000
56 3 858 107 411
57 10 909 921 761 494 146 502 179 181 101 661
58 7 259 947 677 802 893 826 499
59 1 472
60 1 542
61 1 608
62 7 95 608 999 777 324 557 716
63 1 960
64 1 356
65 7 82 926 289 539 321 786 208
66 3 497 293 30
67 3 905 712 348
68 9 576 852 832 656 314 861 802 932 437
69 1 135
70 8 159 307 417 31 139 717 588 65
71 6 975 637 657 426 151 230
72 9 300 707 265 893 849 295 108 309 572
73 9 655 159 182 496 708 930 461 40 219
74 4 949 213 285 197
75 1 30
76 2 230 320
77 9 156 919 43 327 91 92 520 421 919
78 9 631 881 426 855 414 772 559 706 351
79 9 97 929 68 887 713 384 26 146 642
80 1 870
81 3 976 539 569
82 2 786 592
83 5 853 143 406 688 564
84 6 786 384 281 423 955 174
85 7 531 754 411 785 124 107 803
86 6 38 286 780 227 957 982
87 0
88 5 980 844 813 932 770
89 2 225 282
90 4 847 393 25 327
91 8 201 626 460 356 498 418 229 805
92 2 875 446
93 5 116 877 660 347 182
94 1 467
95 4 701 154 440 671
96 4 680 697 483 371
97 6 413 976 259 78 634 832
98 0
99 1 68
100 4 812 508 395 770
101 1 689
102 0
103 2 836 143
104 9 258 373 106 307 320 78 819 972 15
105 8 969 74 812 450 734 75 987 936
106 5 167 656 94 840 819
107 4 283 965 734 186
108 10 407 127 848 210 398 378 83 432 410 637
109 0
110 8 533 246 496 12 945 609 186 980
111 9 961 950 306 685 311 268 808 616 977
112 6 23 547 753 63 301 51
113 2 605 504
114 3 634 47 899
115 9 578 755 698 23 552 718 426 63 524
116 4 105 85 885 428
117 2 400 314
118 9 213 183 888 786 180 479 383 17 487
119 9 992 396 465 118 313 812 935 55 87
120 5 516 965 488 264 408
121 8 407 31 293 699 30 29 262 640
122 4 910 145 218 240
123 7 855 805 862 432 773 287 423
124 3 141 241 843
125 8 900 677 507 896 873 193 252 120
126 7 182 796 183 681 265 419 984
127 8 614 417 239 929 988 975 739 453
128 2 948 89
129 3 904 49 727
130 10 403 767 614 217 574 648 440 66 746 872
131 0
132 5 661 511 696 553 924
133 4 179 950 595 126
134 4 321 770 372 769
135 5 428 863 16 752 736
136 3 151 988 28
137 6 836 964 174 513 658 483
138 3 422 5 844
139 7 343 298 790 651 426 856 420
140 9 564 956 906 190 746 47 77 798 161
141 8 352 27 378 967 590 639 664 283
142 9 800 816 310 36 589 738 468 572 567
143 7 216 247 704 93 594 573 404
144 2 403 340
145 6 176 461 592 770 364 305
146 2 835 76
147 10 362 932 716 370 164 569 179 353 730 506
148 8 18 841 141 73 717 645 234 611
149 9 196 851 599 405 413 638 415 805 58
150 1 282
151 1 216
152 4 844 991 956 45
153 6 80 751 55 196 970 964
154 1 98
155 0
156 3 681 376 652
157 1 520
158 2 975 627
159 0
160 2 900 45
161 10 819 661 373 542 734 94 810 787 91 903
162 5 850 528 594 123 829
163 4 236 714 9 308
164 9 295 991 249 995 224 972 902 952 868
165 6 530 968 875 363 365 630
166 4 822 811 362 139
167 6 547 935 769 857 586 80
168 10 585 118 602 943 75 746 999 815 163 515
169 7 728 295 838 3 805 853 222
170 6 813 46 518 644 369 814
171 3 3 172 639
172 8 186 407 212 924 814 189 101 500
173 8 832 584 10 207 293 454 186 64
174 3 138 84 488
175 4 831 737 802 328
176 1 648
177 9 795 668 537 671 303 699 322 663 593
178 6 65 448 418 859 338 554
179 5 420 30 440 527 211
180 8 791 755 986 221 407 398 326 865
181 10 977 656 20 291 575 745 55 500 626 997
182 10 811 416 479 205 280 255 172 792 641 659
183 4 238 200 16 561
184 5 93 674 795 614 214
185 3 924 14 898
186 1 238
187 1 493
188 6 510 907 835 16 307 264
189 3 510 410 63
190 5 872 681 151 21 36
191 9 138 124 115 298 175 977 357 312 237
192 10 935 346 991 245 303 641 515 931 591 254
193 6 244 105 88 868 508 430
194 0
195 0
196 9 189 138 539 912 486 622 29 117 78
197 1 827
198 5 154 862 383 382 81
199 7 908 166 929 182 943 233 219
200 0
201 9 451 528 383 489 350 387 546 406 951
202 10 570 133 305 392 829 482 607 949 985 447
203 6 133 655 959 531 734 21
204 0
205 4 849 709 948 938
206 4 838 180 61 227
207 0
208 8 559 263 955 13 200 278 361 656
209 3 71 624 120
210 3 678 999 967
211 1 23
212 1 981
213 9 483 231 751 877 361 204 931 654 896
214 4 819 877 720 153
215 1 629
216 0
217 7 71 842 4 760 341 124 10
218 3 504 706 418
219 2 961 388
220 4 121 949 328 475
221 4 213 30 338 339
222 8 722 844 963 666 248 280 483 475
223 3 824 337 430
224 4 485 59 893 399
225 2 826 267
226 0
227 5 604 239 319 522 108
228 8 482 735 820 778 808 609 691 884
229 1 652
230 4 488 212 513 454
231 6 370 945 507 925 637 610
232 1 146
233 2 492 186
234 9 23 232 247 999 581 381 559 669 728
235 1 845
236 7 292 974 438 162 175 33 454
237 8 577 166 225 839 219 793 641 854
238 0
239 2 109 654
240 4 170 92 626 920
241 8 990 884 409 747 633 135 721 345
242 9 414 173 205 297 161 630 845 429 56
243 8 100 712 508 514 68 427 875 452
244 10 218 675 38 588 67 285 779 416 263 14
245 3 60 451 32
246 9 722 172 621 42 818 79 9 130 961
247 3 880 267 218
248 9 791 829 398 83 356 817 785 599 88
249 7 824 891 544 278 965 974 444
250 9 252 158 779 391 417 368 580 302 130
251 4 0 363 609 195
252 6 576 328 664 246 92 670
253 0
254 10 1 994 381 666 767 729 797 389 906 762
255 0
256 7 940 357 471 397 95 640 982
257 3 548 428 373
258 8 496 991 732 263 937 345 348 574
259 3 162 537 374
260 9 901 968 611 813 431 835 881 580 704
261 4 5 762 134 725
262 10 559 596 420 158 744 790 86 681 977 283
263 0
264 5 323 606 716 350 580
265 5 469 876 993 325 120
266 0
267 5 198 347 784 120 247
268 6 929 606 913 783 653 698
269 6 670 721 528 46 495 432
270 7 894 792 668 958 101 341 429
271 0
272 0
273 8 542 589 24 690 874 887 273 715
274 10 765 513 327 511 774 869 919 316 24 465
275 3 757 823 733
276 6 377 633 399 67 929 521
277 3 866 683 558
278 8 506 367 503 866 853 789 161 720
279 1 723
280 1 784
281 6 996 588 139 255 427 524
282 0
283 3 509 525 287
284 3 643 236 805
285 7 31 726 238 921 255 322 323
286 10 186 437 53 445 191 92 118 294 438 88
287 10 541 576 981 470 146 880 443 414 24 895
288 8 410 694 721 455 598 481 425 732
289 9 800 730 298 14 485 585 58 458 577
290 5 197 256 555 898 594
291 2 52 935
292 3 162 348 128
293 5 383 625 375 852 849
294 8 397 377 943 103 835 630 419 277
295 1 182
296 10 280 500 570 801 388 106 667 730 16 529
297 9 516 937 175 462 284 585 353 983 248
298 9 140 500 506 435 232 848 831 883 490
299 10 80 433 229 723 190 422 443 820 877 556
300 8 972 423 158 175 238 998 730 330
301 0
302 1 299
303 4 921 983 535 734
304 0
305 2 895 465
306 0
307 2 871 385
308 6 39 377 842 217 615 676
309 9 391 420 963 272 787 363 388 612 323
310 10 561 530 883 208 546 811 529 608 998 90
311 5 393 354 105 700 939
312 7 934 882 316 708 770 406 43
313 10 140 702 423 605 648 228 499 422 713 409
314 5 267 972 515 303 504
315 7 872 270 866 900 681 93 949
316 1 549
317 2 120 16
318 9 261 87 787 894 886 448 518 859 287
319 0
320 5 876 82 166 716 560
321 0
322 5 489 20 332 648 29
323 7 651 322 875 919 23 313 151
324 0
325 7 415 862 782 927 221 595 430
326 10 622 879 1000 547 62 357 112 115 899 404
327 0
328 8 182 654 585 866 144 286 876 483
329 0
330 0
331 7 136 492 493 586 449 323 342
332 3 855 521 816
333 5 585 867 916 289 593
334 7 654 221 594 698 661 62 14
335 9 867 560 875 495 493 755 267 999 507
336 0
337 3 981 691 561
338 6 253 305 735 55 373 325
339 0
340 6 518 757 304 792 73 894
341 1 437
342 5 22 516 116 978 57
343 1 249
344 7 859 619 553 824 714 195 165
345 4 353 627 378 736
346 4 44 917 431 609
347 6 747 64 538 144 710 146
348 5 884 667 85 908 384
349 7 898 43 558 973 222 86 632
350 5 210 58 741 616 784
351 0
352 6 847 735 752 47 214 390
353 10 46 839 596 213 275 415 963 337 461 486
354 1 666
355 7 236 252 639 946 296 65 764
356 8 399 863 926 265 541 929 747 953
357 3 736 299 910
358 9 911 177 835 946 344 515 773 729 803
359 8 505 321 992 89 838 594 378 490
360 5 717 579 63 264 747
361 4 731 982 381 65
362 3 147 863 229
363 4 400 463 625 707
364 2 644 584
365 2 980 964
366 4 533 8 500 228
367 1 120
368 9 159 827 515 925 980 141 474 274 394
369 10 724 673 406 685 600 178 824 910 325 302
370 2 115 498
371 1 725
372 3 579 887 567
373 5 348 743 793 564 341
374 2 110 419
375 10 898 16 55 899 16 188 59 365 294 119
376 9 496 573 437 814 195 823 173 196 266
377 3 550 975 27
378 10 861 645 187 427 277 7 944 271 172 70
379 2 695 766
380 7 857 594 238 555 230 323 605
381 10 357 46 355 389 591 669 680 998 323 505
382 3 678 734 644
383 0
384 3 715 146 837
385 0
386 0
387 8 392 350 683 389 735 111 735 861
388 3 615 177 866
389 3 895 712 123
390 1 585
391 0
392 2 471 668
393 3 666 498 721
394 6 834 667 955 861 666 911
395 10 832 829 545 628 863 595 64 690 754 195
396 2 215 653
397 3 512 174 540
398 0
399 3 633 574 706
400 9 587 653 80 245 573 679 565 908 257
401 2 649 631
402 6 994 862 730 429 769 333
403 9 602 997 215 18 662 549 216 736 938
404 10 379 390 579 636 912 258 340 421 610 480
405 0
406 10 97 881 23 800 509 706 144 851 942 594
407 1 218
408 2 467 971
409 5 355 814 740 75 307
410 5 978 848 438 886 268
411 5 648 363 754 852 158
412 7 816 736 866 610 204 274 581
413 6 19 385 449 299 973 753
414 4 166 477 431 966
415 1 676
416 5 185 370 748 91 981
417 6 180 790 849 806 88 275
418 9 275 857 307 378 179 862 313 831 879
419 1 127
420 4 291 902 855 432
421 6 332 883 1000 441 543 715
422 5 0 540 567 462 654
423 8 607 812 496 692 604 887 81 604
424 8 670 278 91 504 539 608 674 742
425 8 374 130 133 212 517 600 44 908
426 5 253 635 875 576 334
427 9 254 73 627 125 106 508 627 567 717
428 8 724 336 881 714 964 545 706 623
429 7 792 576 312 366 65 666 909
430 8 36 928 503 591 518 895 83 656
431 0
432 8 162 49 570 10 807 375 865 522
433 7 267 581 730 94 195 997 834
434 0
435 10 634 533 227 141 515 287 466 711 711 52
436 10 970 769 598 14 738 381 159 872 563 294
437 8 292 468 928 132 920 305 83 285
438 0
439 1 137
440 5 37 365 562 206 982
441 0
442 2 802 719
443 3 519 868 465
444 6 749 876 495 182 533 523
445 6 928 108 949 934 975 845
446 0
447 3 492 816 633
448 10 267 159 385 711 189 468 933 845 376 406
449 9 55 650 708 85 510 694 51 193 976
450 4 532 972 287 16
451 4 447 700 89 715
452 10 759 337 313 822 499 618 387 271 438 370
453 5 341 231 29 464 134
454 8 97 255 754 993 683 962 432 617
455 2 46 309
456 2 594 748
457 2 376 589
458 6 36 41 70 54 166 129
459 7 125 298 696 105 660 816 765
460 5 41 709 944 924 534
461 2 186 284
462 2 311 434
463 3 75 222 463
464 6 335 632 265 347 11 806
465 10 852 221 552 319 952 977 271 417 892 310
466 4 123 395 108 411
467 6 608 621 679 712 579 809
468 2 900 645
469 7 445 320 120 46 663 239 902
470 3 7 1000 73
471 1 779
472 10 879 615 160 8 996 699 755 289 834 798
473 3 666 301 29
474 5 746 95 499 703 929
475 7 169 61 513 518 714 650 693
476 6 622 328 781 1000 903 407
477 10 826 413 378 221 194 890 42 391 311 264
478 9 87 773 771 782 721 22 474 526 870
479 10 607 825 396 9 613 376 930 953 833 102
480 6 424 352 706 262 466 85
481 0
482 5 410 14 572 394 104
483 2 750 609
484 4 492 751 132 731
485 0
486 1 793
487 8 341 971 360 621 369 922 985 173
488 9 299 643 749 363 919 1 731 153 423
489 7 539 727 982 378 717 149 607
490 4 861 335 36 162
491 1 28
492 7 101 988 360 26 264 733 99
493 2 212 50
494 5 321 435 704 592 553
495 9 849 335 200 534 935 230 422 202 555
496 6 25 182 734 213 14 674
497 1 308
498 0
499 1 245
500 5 1 756 290 247 446
501 4 201 18 442 243
502 6 47 168 300 637 688 160
503 2 558 583
504 6 777 268 780 331 363 604
505 6 138 521 249 514 572 176
506 5 56 502 493 836 779
507 3 427 187 432
508 10 5 47 662 719 382 580 702 253 323 768
509 4 171 382 617 461
510 4 387 284 848 345
511 8 273 242 826 208 751 324 237 238
512 3 522 8 939
513 6 963 178 170 849 434 485
514 4 196 660 236 667
515 1 335
516 2 298 408
517 2 780 168
518 1 879
519 1 983
520 0
521 3 572 874 152
522 4 879 639 28 169
523 7 164 505 527 562 436 221 525
524 8 935 263 646 951 169 948 360 871
525 4 888 367 468 959
526 9 153 979 676 653 293 139 602 493 119
527 3 636 432 999
528 1 983
529 0
530 2 124 736
531 10 282 587 56 629 595 559 184 112 673 822
532 4 140 911 41 631
533 9 297 517 223 324 879 578 617 344 243
534 3 708 19 591
535 3 820 193 39
536 10 865 695 385 171 61 915 608 43 361 812
537 4 215 378 804 706
538 6 77 624 259 360 467 755
539 9 927 964 502 863 981 560 630 888 628
540 10 693 532 337 485 310 390 864 827 800 104
541 1 759
542 8 270 897 722 909 928 848 686 589
543 9 873 906 514 131 26 333 504 254 10
544 3 310 846 536
545 6 838 632 551 625 14 157
546 10 472 349 23 37 116 339 693 877 758 362
547 3 59 879 452
548 7 861 781 445 398 725 932 4
549 4 892 225 610 421
550 9 586 769 553 655 591 469 292 716 414
551 8 133 819 0 268 488 376 5 127
552 7 863 100 58 592 813 540 921
553 6 779 94 785 537 807 185
554 1 639
555 2 817 422
556 10 462 491 191 143 953 766 82 910 486 326
557 9 858 555 323 133 169 454 834 494 183
558 2 98 286
559 0
560 0
561 3 774 303 45
562 5 61 587 628 813 461
563 10 210 202 274 886 314 810 884 480 589 540
564 8 599 744 232 447 410 956 268 761
565 2 456 312
566 7 288 600 367 146 459 629 290
567 1 83
568 5 388 161 849 480 190
569 3 817 488 74
570 2 92 663
571 6 804 694 944 314 640 353
572 6 572 285 660 38 520 530
573 7 103 709 464 524 885 986 267
574 2 158 22
575 7 242 588 217 32 608 115 609
576 7 733 819 850 491 95 745 220
577 6 714 932 234 48 853 325
578 9 466 576 524 798 244 632 697 937 368
579 6 465 360 918 689 889 633
580 3 248 277 382
581 5 284 670 277 485 957
582 3 427 153 292
583 0
584 2 353 502
585 9 185 408 744 980 572 804 102 114 159
586 5 801 851 662 357 427
587 0
588 2 88 800
589 4 734 905 991 404
590 1 533
591 3 512 38 659
592 3 229 58 367
593 1 398
594 1 44
595 0
596 5 868 86 385 504 129
597 2 773 332
598 7 31 165 330 459 54 917 849
599 5 407 275 430 447 334
600 10 643 635 285 153 920 860 839 95 201 70
601 6 894 28 540 388 138 187
602 3 112 865 136
603 6 768 59 148 54 593 863
604 2 260 455
605 5 341 574 294 525 852
606 3 118 724 150
607 10 812 770 159 216 325 512 837 117 548 595
608 10 869 370 360 161 434 657 131 416 652 343
609 5 857 736 588 580 835
610 9 397 418 97 232 554 470 21 389 861
611 3 839 376 114
612 0
613 10 629 653 250 473 357 750 864 768 74 742
614 1 502
615 6 433 548 677 232 466 699
616 4 126 108 830 332
617 6 713 730 288 366 587 272
618 7 281 173 796 325 481 499 881
619 9 130 878 981 555 982 573 374 713 10
620 2 376 553
621 9 399 709 274 539 406 144 313 881 251
622 7 547 537 294 502 703 196 887
623 8 822 973 705 62 352 259 805 350
624 2 215 454
625 0
626 9 254 315 886 679 192 214 66 789 889
627 2 309 64
628 6 151 231 308 997 285 696
629 9 247 200 978 122 222 310 725 84 168
630 6 41 835 399 437 804 556
631 1 308
632 4 665 596 652 203
633 2 828 37
634 9 825 554 198 685 772 328 680 643 247
635 3 178 592 577
636 7 307 944 242 162 709 548 761
637 7 990 29 147 591 557 519 37
638 3 419 253 382
639 1 447
640 6 555 694 121 20 72 611
641 3 171 233 17
642 6 630 92 498 213 402 181
643 4 831 916 294 516
644 6 3 791 49 63 140 935
645 4 242 437 205 437
646 6 834 447 706 995 189 499
647 10 70 276 699 347 544 513 527 824 970 211
648 6 822 538 350 4 394 880
649 7 935 670 351 490 201 288 159
650 5 430 315 491 663 95
651 2 206 814
652 8 70 999 848 184 199 733 146 760
653 1 194
654 1 763
655 6 465 803 582 29 735 431
656 6 488 941 202 298 866 649
657 8 123 288 908 780 394 512 650 459
658 0
659 0
660 6 334 3 300 353 256 329
661 4 429 233 648 625
662 3 737 899 511
663 6 886 490 556 838 588 318
664 4 848 559 939 734
665 10 478 53 752 412 609 308 607 321 871 806
666 10 59 780 615 688 804 119 118 590 738 979
667 6 759 851 374 44 504 189
668 4 610 870 141 321
669 1 357
670 4 18 731 990 40
671 6 841 985 384 530 983 982
672 5 340 528 7 704 807
673 0
674 4 841 454 604 634
675 9 133 798 517 7 604 786 246 345 269
676 8 133 117 141 792 601 101 343 937
677 9 691 696 95 300 94 490 241 18 695
678 4 220 608 226 417
679 7 714 441 595 879 795 462 840
680 4 34 615 171 47
681 1 214
682 8 341 702 19 721 223 821 677 688
683 0
684 0
685 5 375 316 731 515 418
686 3 918 157 744
687 5 879 102 865 347 83
688 7 859 642 383 254 197 320 447
689 0
690 7 187 776 649 556 648 170 369
691 0
692 10 625 732 504 639 518 17 814 690 198 449
693 3 654 486 29
694 2 449 867
695 1 928
696 6 233 739 351 826 23 584
697 1 248
698 4 841 89 89 496
699 8 634 802 124 627 427 958 554 933
700 5 486 340 409 357 759
701 1 635
702 5 491 892 74 496 277
703 5 405 881 530 880 152
704 7 610 605 832 890 468 42 261
705 8 294 268 84 81 358 452 748 97
706 7 895 391 642 856 415 636 297
707 3 360 15 2
708 1 427
709 6 378 109 857 888 415 206
710 5 435 69 996 843 149
711 1 601
712 10 88 24 85 411 263 684 260 886 714 80
713 4 139 944 953 604
714 2 547 187
715 0
716 10 445 421 267 31 181 117 780 889 131 293
717 4 165 886 449 864
718 1 155
719 10 221 443 673 123 106 852 631 577 299 182
720 0
721 7 170 879 738 38 246 454 209
722 9 344 30 520 58 353 136 765 741 515
723 3 281 896 52
724 6 127 765 111 639 328 91
725 5 663 641 30 903 940
726 2 270 794
727 7 213 567 504 568 194 816 330
728 3 368 205 904
729 6 899 773 726 743 519 431
730 2 96 206
731 4 276 242 399 952
732 10 847 562 554 826 928 882 895 531 56 426
733 6 602 948 460 786 826 23
734 7 1000 464 311 851 884 309 495
735 2 567 679
736 7 535 644 511 943 811 182 713
737 4 542 840 87 990
738 7 985 465 256 869 214 825 889
739 4 487 370 171 401
740 0
741 1 939
742 3 369 296 562
743 6 795 57 212 401 540 608
744 3 133 499 432
745 7 543 508 529 378 23 190 70
746 9 105 695 610 349 138 96 943 686 367
747 1 920
748 4 887 795 387 335
749 0
750 10 632 475 87 748 385 85 182 968 674 62
751 4 717 860 170 234
752 5 639 319 7 791 184
753 9 118 85 195 831 226 964 63 15 301
754 5 659 410 212 906 494
755 0
756 10 176 673 986 983 683 765 671 318 143 862
757 6 563 34 74 441 131 993
758 4 77 762 53 895
759 7 400 635 967 562 445 147 690
760 3 371 80 844
761 9 462 960 51 877 115 999 126 751 132
762 10 50 604 940 226 857 471 488 531 227 722
763 10 253 14 945 999 130 50 583 315 843 748
764 10 773 772 51 231 914 505 9 19 659 977
765 3 657 449 637
766 4 638 488 806 916
767 4 726 961 339 484
768 6 756 913 994 955 817 379
769 9 705 125 502 356 732 991 210 458 266
770 7 484 703 587 337 95 1000 363
771 0
772 0
773 6 227 117 472 371 794 901
774 9 493 247 622 907 280 177 161 52 824
775 9 47 426 570 93 975 985 16 555 9
776 10 876 416 373 329 218 612 971 335 232 334
777 8 407 265 318 668 34 989 677 423
778 5 579 914 936 275 93
779 5 369 2 754 415 509
780 2 448 529
781 7 213 412 505 672 460 497 375
782 3 349 679 720
783 3 582 781 937
784 10 326 259 863 724 59 922 888 138 731 462
785 4 587 532 204 263
786 6 38 538 304 682 367 886
787 5 739 17 101 432 188
788 9 793 488 81 775 767 577 413 449 59
789 8 10 283 264 361 683 26 283 610
790 3 981 364 220
791 4 371 626 325 150
792 1 799
793 5 575 595 747 19 96
794 7 867 499 531 639 520 803 13
795 8 154 223 369 696 982 292 586 400
796 10 926 836 801 199 427 613 348 655 998 38
797 4 65 945 594 410
798 8 198 964 841 397 86 282 280 989
799 1 251
t 698 655746.9 137942.3
t 266 336055.6 86880.2
t 554 42417.8 915965.8
q 309 168909.1 855282.2
q 130 80281.4 289750.7
q 611 77552.0 416285.6
q 191 111596.1 596452.4
q 16 817873.6 1874.5
q 568 733467.3 384102.2
q 632 79652.9 726570.6
t 60 122346.1 270855.6
t 544 513021.4 351162.4
q 574 215240.8 552914.8
q 17 149824.5 100757.6
t 136 713254.3 664218.7
q 469 359340.4 434238.1
t 359 974877.3 763214.8
t 886 380859.7 109443.2
t 928 368924.8 519426.9
t 897 397423.9 503673.7
t 348 769065.1 677560.4
q 532 725803.3 575462.9
q 626 117218.8 96276.7
t 218 99088.8 386231.7
t 905 269611.9 366825.4
t 731 879675.1 698748.9
q 655 354179.6 697170.3
t 923 917313.3 284164.1
q 743 749164.7 211369.9
t 959 124698.5 807027.7
q 190 955754.1 359242.4
q 174 308585.3 393016.1
t 895 98778.1 163030.3
t 246 51318.1 504085.1
t 860 750607.9 466939.6
q 227 658707.1 889655.1
t 429 953784.3 252471.7
t 74 242478.4 334306.4
q 626 764664.5 716805.7
t 249 249100.3 628470.4
q 600 769869.8 201839.6
t 886 499772.3 672400.6
t 761 502555.9 457418.6
q 118 366677.2 742927.7
t 748 391702.8 348486.2
t 312 939796.6 162051.0
q 13 834529.1 930644.8
t 933 40924.2 812776.9
t 737 449662.8 482541.4
t 899 996820.2 557880.1
t 481 792314.8 435115.4
q 237 325670.9 550933.3
q 762 405241.5 893997.4
t 883 650516.8 236459.5
t 114 853213.9 965480.1
q 202 239282.4 619335.8
t 594 637430.1 287723.1
q 343 314147.0 868807.0
t 670 762131.9 150975.5
t 935 212448.9 627883.0
q 685 34843.2 609371.2
q 727 798443.9 445959.7
t 170 452350.2 650631.5
t 226 743686.1 132139.9
q 531 366835.4 403228.0
t 331 451295.5 923991.2
q 386 240030.9 199840.9
q 100 250640.6 516268.6
q 275 82141.7 555665.5
t 468 128828.9 227549.2
t 894 317925.7 376467.4
t 727 656384.6 856499.4
t 1 872330.6 260274.6
t 226 142216.5 232800.9
q 284 744776.5 459258.3
q 180 801862.4 901817.4
q 294 462892.1 827688.5
q 534 830331.7 384347.1
q 788 609176.2 425053.6
q 113 485530.2 306857.0
t 318 294644.0 81389.6
q 293 506806.4 894396.3
t 761 476688.6 706104.7
q 205 554938.5 851636.8
t 346 822196.1 649755.8
t 333 650540.1 627018.8
t 87 870747.2 648928.7
q 736 625248.3 547876.3
t 499 72645.4 951390.2
t 325 942895.0 236520.6
t 261 390310.8 953558.9
t 637 784845.3 894220.1
t 179 552818.8 225276.1
t 649 767218.3 637702.6
q 692 324936.8 213084.8
t 965 239371.3 113648.0
t 585 83068.6 134664.0
t 799 991132.8 969462.6
q 698 488300.0 857404.8
t 525 459462.9 193233.0
