100 50 400
0 611221.3 795908.2
1 828859.0 633657.8
2 886344.9 798684.6
3 491871.8 888685.8
4 142367.2 765899.3
5 468916.8 85105.2
6 363775.1 968853.6
7 522804.7 779408.2
8 513853.5 335123.3
9 417588.9 417136.0
10 804708.4 733541.9
11 638434.4 166517.2
12 654306.9 936296.3
13 331710.6 60742.6
14 901456.0 770518.6
15 105819.0 499697.9
16 422286.8 374972.8
17 167183.8 858333.7
18 13819.6 265226.7
19 664700.8 626587.1
20 48727.0 955231.6
21 577883.9 495176.0
22 422786.4 770264.3
23 831760.5 398215.0
24 799782.9 951428.0
25 651160.7 57088.0
26 478458.7 454697.7
27 104509.4 489184.8
28 729189.0 480281.6
29 92718.5 319895.8
30 489272.2 197682.0
31 441622.0 341743.2
32 678749.2 737096.8
33 385649.5 611140.8
34 444028.1 780561.9
35 903933.7 414457.2
36 782697.4 795780.6
37 683948.6 124363.7
38 180533.5 226229.4
39 237252.1 496162.4
40 758.2 743864.9
41 137340.4 280657.9
42 17414.1 679091.9
43 498118.5 877652.8
44 711229.9 640737.5
45 875090.0 636826.6
46 144631.2 816243.1
47 597302.5 863422.2
48 537612.3 649678.2
49 141364.1 906099.8
50 819565.2 431873.0
51 490081.7 803003.2
52 74841.2 855820.5
53 774834.2 638777.9
54 940366.3 736745.0
55 473508.4 255986.2
56 360772.8 508455.2
57 606818.5 798635.6
58 668029.0 563416.9
59 348126.4 959762.3
60 725670.6 346356.4
61 212249.3 274432.5
62 386644.4 331717.0
63 167666.5 970717.6
64 850430.4 183921.3
65 165695.4 842690.5
66 98519.5 816945.7
67 405830.2 788163.9
68 670609.3 931176.0
69 275145.6 372901.1
70 348089.6 341925.3
71 738061.2 595406.4
72 994884.9 30409.4
73 91598.1 488579.2
74 550322.8 274551.6
75 389146.2 379418.0
76 879035.2 945372.3
77 872398.1 395090.3
78 283467.7 242336.7
79 952695.3 949458.5
80 548389.2 777619.4
81 449857.7 758808.2
82 289858.0 642569.0
83 656395.9 46038.4
84 766957.3 251351.3
85 461225.5 817230.3
86 189299.3 552739.2
87 887929.6 433157.5
88 77884.7 8625.6
89 970475.3 778010.5
90 22012.2 958712.5
91 81144.6 797601.0
92 280176.6 927961.5
93 248200.3 503017.9
94 221544.8 503132.1
95 141361.0 854101.4
96 882500.8 190112.4
97 218605.2 97477.8
98 310007.2 291390.4
99 397655.3 393457.5
0 9 74 47 32 66 30 27 68 52 14
1 2 18 80
2 2 39 34
3 5 31 53 7 14 1
4 1 10
5 8 28 61 53 7 47 96 4 28
6 10 44 90 6 44 9 60 3 68 33 60
7 4 98 59 97 25
8 5 56 43 49 53 79
9 5 30 37 82 10 77
10 6 22 88 78 91 10 56
11 3 50 73 75
12 1 53
13 10 16 59 45 61 10 54 15 93 70 69
14 9 51 23 31 94 51 54 99 50 66
15 0
16 6 12 66 79 61 73 59
17 5 74 68 88 84 95
18 8 97 53 77 8 55 53 70 89
19 7 66 34 31 68 22 41 63
20 4 62 86 18 9
21 10 29 64 2 52 55 73 41 84 56 44
22 0
23 0
24 3 43 93 63
25 4 24 21 43 36
26 10 82 36 6 26 52 46 20 89 48 35
27 4 38 67 85 92
28 2 54 86
29 5 52 89 17 58 61
30 7 39 76 88 94 52 11 68
31 5 12 67 21 38 20
32 1 13
33 5 69 53 3 97 63
34 1 7
35 0
36 10 33 69 82 55 48 93 80 87 33 99
37 5 24 88 57 86 78
38 8 25 80 92 48 53 69 53 17
39 0
40 0
41 1 2
42 1 66
43 10 97 30 38 66 34 28 36 28 95 33
44 5 86 41 50 34 39
45 2 70 41
46 3 57 55 86
47 3 58 3 5
48 7 80 75 76 67 58 79 99
49 7 57 40 32 3 85 7 23
t 5 626311.3 414193.8
t 5 105205.0 180575.2
q 23 757691.8 526435.1
q 30 783456.9 560416.6
q 39 455397.7 869569.4
q 12 418946.7 237263.5
q 36 693096.8 877363.6
q 31 73155.3 520881.0
t 2 363494.7 255892.3
q 40 990910.5 232426.1
t 6 260857.4 230911.1
q 3 309211.3 914520.9
t 9 742031.5 322921.1
t 4 695275.5 496014.0
q 1 461059.4 25431.3
t 3 588820.3 302529.5
q 20 385268.2 202009.7
t 3 431149.7 332231.8
q 13 184334.4 108178.0
t 6 378920.1 509750.8
t 2 703515.4 982796.3
q 42 387181.0 350879.7
t 8 473009.9 877685.8
t 4 550291.6 750106.6
t 3 733695.1 212793.3
t 9 558790.4 590181.6
t 5 457296.9 789776.4
q 15 79902.6 922341.9
q 18 668621.2 516202.9
q 25 639787.6 909406.2
t 8 968221.1 891723.0
t 2 131372.9 983607.1
t 9 304683.6 817527.3
t 1 877219.5 427408.0
t 4 507998.5 930418.1
q 13 85321.4 996517.5
t 6 35192.7 484141.4
q 48 16170.6 779516.3
t 6 105690.8 346115.9
t 5 410382.4 297615.0
t 9 460560.2 634593.0
q 34 774782.0 760886.2
t 7 229560.4 222198.5
t 5 672662.7 441496.5
t 7 894255.1 745923.6
q 25 211862.7 776871.1
q 11 407041.8 151476.7
q 5 173645.3 456415.2
q 2 661910.2 724306.6
t 3 758836.1 758148.8
t 3 376682.0 894607.9
q 19 687564.1 889742.5
q 37 711780.2 889369.4
q 42 389078.7 245408.4
q 38 302882.9 553458.3
q 33 170679.9 617438.4
t 8 95210.6 204017.9
q 14 217182.4 184883.1
t 8 288378.0 769475.2
q 10 361589.5 235390.4
t 6 728514.0 135200.2
t 2 633986.4 408631.0
q 30 421771.0 705085.2
t 2 29327.5 907733.5
t 6 971539.4 662070.3
t 9 873553.3 810113.3
q 36 49310.3 757884.3
q 13 51422.6 259398.8
q 27 719496.0 568480.9
t 5 795135.7 846149.0
t 1 696544.4 822228.5
t 6 461240.0 60466.0
t 1 275379.7 306129.0
t 1 407010.8 631007.5
t 8 22572.1 369592.8
q 23 800509.0 154725.6
t 7 531260.8 900701.6
t 9 254424.8 118268.0
q 23 545084.6 237469.1
t 6 824007.8 98816.8
q 49 470247.9 456179.1
t 6 608847.8 904473.6
t 7 938173.8 887396.7
t 9 342930.0 624047.7
t 9 547444.3 896624.9
q 44 494913.5 11265.5
t 7 243753.2 760001.8
t 8 666672.0 756195.1
t 9 985075.8 168684.5
t 2 93117.8 31351.8
q 1 110352.2 689582.6
q 28 750411.6 168187.6
q 34 297302.4 761223.8
q 25 906542.0 251782.8
q 1 396982.7 88642.8
q 7 370775.3 620612.2
q 31 780724.1 630124.3
t 8 230834.0 626825.3
t 4 888515.0 271482.8
q 40 126412.8 620213.1
q 26 266237.1 647671.7
t 4 64701.3 434516.7
q 36 482197.6 294940.9
t 1 857491.6 861333.4
t 5 923828.8 791176.7
t 4 996745.3 297740.8
t 9 617273.6 516685.2
q 27 959878.5 678036.7
q 26 136342.1 501689.2
q 45 562987.6 131830.4
q 30 450866.5 713760.7
t 9 798393.3 595961.2
t 2 837472.4 399277.8
q 42 283381.2 787391.2
q 33 112914.3 749882.8
t 1 302398.0 402834.7
t 8 705140.8 300613.0
t 2 334257.7 868791.1
q 16 905403.3 113516.0
q 13 86332.8 995266.3
t 3 783328.3 399524.8
q 7 319373.1 704251.0
t 1 155160.5 782426.4
t 3 755103.3 21440.6
t 6 730974.7 491339.8
q 27 954346.9 708400.6
t 1 752970.1 169289.1
t 7 619690.9 144487.2
t 8 381662.0 593158.2
t 8 959260.1 283773.1
t 1 226933.5 71544.2
t 6 901597.0 140867.6
q 21 411792.1 989866.1
q 6 734023.3 729773.2
t 7 127086.1 936712.6
t 3 131241.2 770771.6
t 4 107733.4 676054.2
t 6 988307.4 482325.4
t 6 203543.6 957493.0
q 23 122957.6 548514.1
q 13 994114.5 82237.2
t 2 471214.8 706727.0
q 20 404371.5 271960.4
q 22 774443.7 75733.4
q 24 187229.9 773269.9
t 8 553682.4 739332.7
q 1 647421.2 208854.1
t 4 694422.1 152783.6
q 13 537285.9 164770.8
t 6 799510.1 365480.9
q 40 388506.7 631496.4
q 9 480828.2 279021.2
q 3 752478.9 912508.7
q 45 23762.3 372853.5
q 49 499689.5 281482.6
q 4 283810.2 998451.3
q 14 171465.9 827089.6
q 49 675226.1 525244.4
q 1 562036.7 151214.0
t 6 498392.8 488292.2
q 41 6208.2 340661.9
q 28 663845.1 244843.1
t 8 636811.3 886940.1
q 27 349178.5 643553.3
t 2 606432.2 306106.6
q 15 499536.5 709855.1
q 25 730212.2 675746.2
t 2 408473.7 217577.8
q 48 246610.2 776992.1
q 16 24009.7 530847.0
q 49 141777.8 859375.0
q 46 530588.0 592944.1
q 14 701618.1 96172.2
t 1 793941.2 770017.0
q 4 505985.6 99723.9
t 2 799311.8 33881.6
t 9 72498.3 478969.7
t 8 238369.2 271317.0
t 4 916469.6 105287.4
q 44 478161.6 462695.0
q 9 494442.5 94501.7
t 2 702806.0 60997.6
t 8 62323.8 476871.1
q 21 353910.4 172824.5
q 3 862549.6 871888.5
q 45 844990.3 752119.8
q 12 714169.7 50093.6
q 30 570989.0 611801.2
q 23 479498.2 926041.8
q 19 65540.9 545296.2
q 13 38402.8 435883.1
q 25 685846.1 15832.3
t 7 734923.5 859945.0
t 6 321624.5 543095.0
q 16 767832.5 961427.1
q 4 420706.4 812119.0
t 3 293068.7 606105.0
q 13 622381.6 367894.0
t 7 867660.3 766252.0
t 5 749599.5 518882.2
q 33 587475.9 707668.4
q 49 657352.9 130557.7
t 6 452850.6 60542.6
q 12 288095.9 27540.7
q 48 915858.2 828380.2
q 35 27481.2 877275.0
t 3 409481.4 153144.3
q 31 312230.8 662467.9
t 7 852352.9 495697.3
t 4 942875.7 912446.3
t 2 605648.1 127792.1
q 31 354649.2 588647.2
t 2 559684.2 612224.3
q 45 941612.7 684006.7
t 4 521565.6 953854.4
t 6 724997.6 35045.8
t 5 606677.8 433295.5
t 3 894705.5 315901.0
t 2 965464.4 559585.7
q 32 515785.5 807058.1
t 6 465364.3 377788.9
t 3 876911.7 254561.4
t 3 244653.5 892083.3
t 1 771842.6 357783.4
t 5 264658.0 107663.0
t 5 143685.5 922961.1
t 7 661960.7 573812.0
t 7 478755.6 445166.4
q 35 68509.8 443683.0
q 12 218253.8 192270.9
t 7 489565.5 128114.6
t 3 712907.9 843020.0
q 32 601766.7 892421.6
q 45 150523.7 851628.4
t 7 119230.2 901762.2
q 27 73023.5 305595.9
t 1 609053.3 358273.9
q 32 617342.0 667568.4
q 41 379078.1 165832.6
t 5 550687.0 396760.3
t 6 779332.9 247906.9
q 12 923696.9 572988.0
t 9 83104.9 743477.2
q 17 384895.2 932860.9
q 24 374625.1 324814.8
t 2 859046.1 987507.1
t 4 801818.9 169519.7
t 9 487348.3 862818.3
t 8 816503.7 978245.8
t 5 858074.6 659548.6
t 8 497840.3 201287.6
t 8 163.8 753731.5
q 49 424867.7 750785.2
t 8 587224.3 478282.8
t 4 208761.2 649925.7
t 6 602125.6 924235.7
q 47 641797.6 692570.9
t 2 871979.5 358926.1
t 2 348641.7 621706.1
t 2 666857.5 873179.7
q 31 197166.5 778026.9
t 5 507310.8 373015.2
t 3 510606.6 765082.8
q 28 857310.6 819935.9
q 24 354712.2 647813.2
q 23 57987.8 600765.0
t 6 740340.6 904497.8
q 43 697446.7 987039.8
t 7 641262.3 694641.1
q 15 567207.9 62676.8
t 2 656846.5 619694.2
t 1 780389.2 546.4
t 1 63090.3 358049.6
q 40 387889.2 253096.9
q 16 255237.0 768066.4
q 5 149869.4 855360.4
t 1 841674.0 15715.5
t 5 137611.4 835096.1
t 8 62639.4 779956.3
q 27 14100.7 990757.1
q 5 163781.9 682112.1
t 8 223372.6 222922.8
q 21 327572.1 503549.3
t 9 336393.7 768206.0
t 3 804833.8 841715.3
q 3 323042.9 381503.5
q 19 332509.4 484766.0
t 7 571598.0 848324.4
q 35 295497.9 432516.8
t 5 208562.9 317199.4
t 9 240498.2 53226.8
q 40 642819.4 866184.3
q 18 240012.7 892695.0
q 20 526213.2 66036.3
q 4 36328.2 568218.4
t 9 633307.1 992541.0
q 39 233838.2 118889.2
t 6 432773.2 619431.8
q 31 892095.0 440656.6
t 1 92541.1 338041.3
t 8 282709.1 491522.0
t 7 249658.0 1220.7
q 6 746759.5 786623.1
q 43 380587.7 537880.9
t 5 277915.3 922408.0
q 3 902412.6 849207.2
q 48 719563.7 706693.3
t 5 659771.7 783787.6
t 8 28912.7 936418.5
t 4 742478.9 843647.2
t 1 163597.0 574503.5
q 20 474139.9 868730.8
q 23 193309.9 958980.2
q 10 196953.0 189190.5
q 19 278766.4 226929.2
q 30 342633.6 643111.5
q 1 843984.3 843718.6
t 3 623157.0 399698.9
q 26 82078.0 484775.6
q 12 572627.7 153686.8
t 7 579851.8 569960.3
t 7 394778.2 37225.5
q 39 465176.3 218902.0
t 1 52014.6 209429.9
q 5 188766.4 597463.1
q 29 416332.1 293820.2
t 3 142923.9 122112.4
t 8 212936.1 816464.5
t 4 953522.2 847298.0
q 40 53273.6 368754.9
q 6 933533.9 903927.3
t 2 991669.0 980861.6
t 2 129948.6 46069.7
t 4 477435.9 264359.4
t 6 225823.9 422926.3
t 5 577800.7 96932.5
t 8 316491.3 269113.4
q 3 38574.4 319814.1
t 7 214308.5 882379.1
t 2 915577.6 113235.4
t 9 541151.5 132518.6
t 4 462374.4 126816.4
t 5 49967.4 801360.9
t 7 906574.5 797421.6
t 3 566880.2 554900.7
t 9 461105.9 807434.3
q 31 451351.9 872124.5
q 3 868912.9 819584.4
q 20 995630.3 558650.0
t 1 297952.3 683485.6
t 2 188450.7 290832.6
t 2 987632.1 132329.0
t 9 315974.9 590616.9
t 2 538937.2 918359.7
q 47 385932.2 363171.4
q 36 8335.3 91203.6
q 22 120466.2 674652.4
q 39 508877.1 696945.6
q 34 560130.1 105980.7
t 7 901579.5 846596.1
q 33 166831.8 941739.4
q 12 420669.1 184913.7
q 4 71496.4 639698.8
t 1 403971.8 553930.3
q 45 839602.7 203414.5
q 7 576105.6 607242.3
q 37 850561.2 381675.4
q 20 476665.4 315952.3
t 6 387212.0 872084.6
t 2 737195.5 44628.5
t 4 224976.1 173549.7
q 48 786409.3 180983.0
q 14 472865.7 454563.6
q 21 882946.7 685731.4
t 8 428705.5 252582.2
t 8 55834.4 409371.7
t 2 980438.4 228972.3
t 9 54744.4 89790.1
t 3 225488.5 785232.5
t 3 789870.2 348531.6
q 22 833154.1 820354.7
q 43 532620.7 756603.4
t 8 798840.3 108156.6
q 10 377150.1 761478.6
t 9 333920.2 197608.3
t 8 553558.3 654106.2
q 27 740872.1 837186.9
q 3 694718.6 135598.1
q 25 316777.6 81814.0
t 5 598798.6 8184.9
q 4 210111.2 338405.8
q 30 702918.9 957381.6
q 15 199839.8 707866.7
t 7 26860.7 447033.6
t 3 85416.3 592008.9
q 2 909736.8 945927.4
t 5 56216.1 824106.6
q 38 846717.0 772539.7
t 2 621495.9 482202.3
t 5 985942.9 742831.9
