1000 500 30
0 7.8 131537.8
1 755605.3 458650.1
2 532767.2 218959.2
3 47044.6 678864.7
4 679296.4 934692.9
5 383502.1 519416.4
6 830965.3 34572.1
7 53461.6 529700.2
8 671149.4 7698.2
9 383415.7 66842.2
10 417486.0 686772.7
11 588976.6 930436.5
12 846166.9 526928.8
13 91964.9 653919.0
14 415999.4 701190.6
15 910320.8 762198.0
16 262453.0 47464.5
17 736081.9 328234.2
18 632638.6 756410.5
19 991037.4 365338.7
20 247038.9 982550.3
21 722660.4 753355.8
22 651518.6 72685.9
23 631634.7 884707.1
24 272710.0 436411.4
25 766494.8 477731.8
26 237774.4 274906.8
27 359265.0 166507.2
28 486517.4 897656.3
29 909208.1 60564.3
30 904653.1 504522.9
31 516292.0 319032.9
32 986642.1 493976.7
33 266144.5 90732.9
34 947764.2 73749.1
35 500707.1 384142.1
36 277081.8 913817.4
37 529747.4 464445.8
38 940980.0 50084.0
39 761514.3 770204.5
40 827817.3 125365.4
41 15867.7 688455.3
42 868247.1 629543.4
43 736224.5 725412.0
44 999457.9 888572.2
45 233194.9 306321.8
46 351015.2 513273.7
47 591113.6 845981.6
48 412080.8 841510.6
49 269317.3 415394.6
50 537304.0 467917.4
51 287212.4 178327.7
52 153720.0 571654.8
53 802405.7 33053.8
54 534449.8 498480.1
55 955360.8 748292.7
56 554583.8 890737.5
57 624849.3 842039.6
58 159767.5 212751.5
59 714710.0 130427.3
60 90990.3 274588.1
61 2999.6 414293.3
62 26876.3 709819.6
63 937897.3 239910.8
64 180895.9 317539.5
65 886990.7 652058.7
66 150335.1 681346.2
67 385814.7 387725.3
68 499741.0 147533.0
69 587186.6 845575.7
70 590108.6 955408.8
71 556146.1 148151.6
72 983305.1 408766.7
73 141819.8 564898.7
74 252126.4 488514.5
75 464030.5 961095.1
76 126030.8 199757.2
77 319249.7 629269.2
78 126712.2 651253.7
79 621634.0 803073.0
80 247841.8 476431.8
81 389314.2 203250.3
82 28375.2 901673.5
83 426497.4 142021.0
84 947486.8 410313.0
85 131188.5 885648.4
86 92173.6 162198.6
87 71063.6 365339.0
88 253057.4 135109.4
89 783153.2 455307.3
90 349524.1 452300.2
91 808944.6 931674.4
92 651646.1 215248.4
93 679592.4 908921.9
94 250125.6 860859.8
95 471262.3 505955.9
96 600393.7 817561.5
97 755843.5 462245.0
98 951367.5 632738.7
99 439330.3 824697.4
100 688980.9 702206.6
101 987145.5 954414.9
102 851269.7 289316.2
103 537425.7 514434.7
104 103433.9 414028.5
105 576716.6 876565.7
106 440038.7 729747.7
107 869263.7 715642.3
108 800720.3 706535.5
109 741715.9 19092.4
110 886031.1 524987.4
111 463322.7 65193.9
112 713422.3 488943.2
113 667679.1 682049.1
114 199554.7 916633.9
115 865882.7 890018.7
116 543948.3 139195.0
117 450347.4 989362.5
118 215532.0 446023.4
119 315732.4 514659.5
120 881504.1 439725.6
121 467531.8 806649.9
122 365158.1 211519.0
123 999116.7 153604.5
124 630488.3 616350.4
125 595.0 879.0
126 773352.0 727335.0
127 319177.6 417723.7
128 682494.2 680562.0
129 205261.9 836419.9
130 708920.6 828708.0
131 94548.8 81737.6
132 764004.9 629571.8
133 213852.2 213546.8
134 81060.8 388823.2
135 952159.7 947545.1
136 389853.6 269214.7
137 692169.0 284035.0
138 776865.8 783865.2
139 422459.8 282155.9
140 193967.5 11316.2
141 191823.8 983235.8
142 244054.2 819726.1
143 136454.9 398143.7
144 601010.1 176880.4
145 828354.7 157731.2
146 987937.0 257168.7
147 233599.2 101637.4
148 219410.6 634717.4
149 696007.3 794769.8
150 696242.8 752940.4
151 669520.6 633429.9
152 56440.7 598216.6
153 227007.7 318777.9
154 699834.4 117436.9
155 762570.7 526123.3
156 553911.3 587988.9
157 329666.4 702989.4
158 143045.3 161687.7
159 485325.2 860225.7
160 813265.7 556835.8
161 738996.6 316007.3
162 135332.2 528548.3
163 310738.9 588119.1
164 518083.6 430847.8
165 258842.8 370226.3
166 393017.6 446865.9
167 475896.2 387831.2
168 279293.0 78263.2
169 369742.0 253922.3
170 671784.2 676236.9
171 513936.4 728608.4
172 720767.8 944752.8
173 460697.3 940163.1
174 321560.1 460434.2
175 517145.3 661355.5
176 401832.9 605639.7
177 986502.7 150393.9
178 670098.4 343817.6
179 541710.2 522807.7
180 829238.7 14950.6
181 274209.7 642978.9
182 546136.6 917847.7
183 266613.3 970086.7
184 246733.1 843975.4
185 694023.7 455751.6
186 817101.3 22083.7
187 160748.9 706950.0
188 707826.3 436638.4
189 582421.1 751710.1
190 991533.0 695679.2
191 279511.7 753862.7
192 171178.9 4253.9
193 495691.1 79916.9
194 163081.1 903301.2
195 782992.0 746679.1
196 436425.7 6341.7
197 584787.2 518478.4
198 66849.8 544022.7
199 389731.4 215825.9
200 385769.4 626861.4
201 659053.3 709319.8
202 538661.3 280288.9
203 815932.2 371909.7
204 686101.6 310168.9
205 9347.5 103797.3
206 520960.1 775880.3
207 220685.1 55278.8
208 70634.9 160273.9
209 723763.7 297022.1
210 50602.6 477804.3
211 457161.9 519988.5
212 446489.6 150311.5
213 285942.4 833682.1
214 695637.4 577776.0
215 681164.5 331175.0
216 57475.3 986883.0
217 542393.1 1657.4
218 856192.6 29355.5
219 377550.4 489651.7
220 576173.0 738958.7
221 679332.2 536266.8
222 35587.7 122506.9
223 973355.6 188275.8
224 351318.7 614125.5
225 607611.5 125932.8
226 552862.1 954028.5
227 356925.0 838101.6
228 974252.3 259014.2
229 251527.6 424335.9
230 813048.0 897914.2
231 244586.2 760617.3
232 694856.4 451851.2
233 263620.2 665503.5
234 116571.0 209562.3
235 113675.7 546974.8
236 6079.4 175974.3
237 599359.3 431908.3
238 82506.5 687414.5
239 375310.1 836206.6
240 123637.4 973346.2
241 29635.3 80353.1
242 494244.6 769437.4
243 934030.5 250155.3
244 359657.8 769114.1
245 499955.3 749251.6
246 671903.5 681665.8
247 756770.2 36367.6
248 230571.9 221667.3
249 562602.0 652621.9
250 616610.4 371465.7
251 224801.2 233691.5
252 653011.6 165927.5
253 744104.2 159757.7
254 47638.6 661993.5
255 124944.9 949157.1
256 484180.5 621045.6
257 914025.0 17944.5
258 593545.7 721871.6
259 496582.0 53694.4
260 441632.6 519174.9
261 771944.2 65356.3
262 442790.3 977180.2
263 467741.4 329056.1
264 445929.9 743274.0
265 205341.3 171379.3
266 372519.8 939725.4
267 964851.2 254957.5
268 70335.2 123848.8
269 526337.8 160083.2
270 517707.2 105184.8
271 841576.0 368562.1
272 423890.5 327227.6
273 713546.5 576775.9
274 871884.2 758245.8
275 836597.8 699791.1
276 389060.2 935241.6
277 605602.6 362083.6
278 539504.7 455072.4
279 401692.2 240440.5
280 83085.7 421578.7
281 472379.9 289766.5
282 104969.1 216386.1
283 802018.6 527439.1
284 668820.4 863642.8
285 243750.3 711564.4
286 263662.9 382821.5
287 81005.5 459762.8
288 232867.0 795352.6
289 491343.1 3228.8
290 266119.2 664688.8
291 425191.1 186824.7
292 963475.6 134039.1
293 795855.7 946044.6
294 171155.2 606001.3
295 63803.6 347491.7
296 292468.0 509658.2
297 825836.5 834338.5
298 726443.1 329434.3
299 802084.4 631763.3
300 45340.7 41420.4
301 153315.1 767065.0
302 61731.4 519303.2
303 929149.8 220515.5
304 204562.9 88992.7
305 699691.0 706461.3
306 494630.9 261778.5
307 711571.3 378366.2
308 200644.5 232607.6
309 436096.2 469498.5
310 861187.4 977238.3
311 444519.2 34243.1
312 523771.7 31638.8
313 753173.8 591588.2
314 822891.0 329578.9
315 232078.1 536528.3
316 430618.4 403581.1
317 987324.7 966909.7
318 850530.6 867514.2
319 311605.2 148390.4
320 997598.6 639523.3
321 468074.7 931914.7
322 690772.6 815406.8
323 541534.6 572806.5
324 159216.1 945250.3
325 821333.7 155413.9
326 41074.8 343613.4
327 110019.4 96538.3
328 518773.3 22405.0
329 561483.7 856876.1
330 516908.1 674524.7
331 737174.9 698460.3
332 22799.5 191983.8
333 670991.0 345871.7
334 66290.3 140710.5
335 921117.5 221656.5
336 380114.6 586015.8
337 167312.8 26339.7
338 691126.5 762343.9
339 713695.3 77324.3
340 589809.3 925503.0
341 929697.8 430446.0
342 505969.6 831256.0
343 919236.1 601637.6
344 723836.5 519336.6
345 490817.0 161419.4
346 976115.6 574360.3
347 273251.1 531427.3
348 698558.2 667049.3
349 97432.5 548736.3
350 610737.7 667965.4
351 495125.3 571582.6
352 588888.0 441313.2
353 151216.9 502274.7
354 731363.8 31656.5
355 51616.7 522063.5
356 320642.3 35059.5
357 245142.3 107180.5
358 382968.5 551829.4
359 597168.5 611110.6
360 935251.5 772030.3
361 513148.5 486681.2
362 650127.7 696995.7
363 407537.7 486849.5
364 479782.9 710450.1
365 534198.6 276647.0
366 605538.2 280103.7
367 703369.5 530489.6
368 938254.0 235402.7
369 413494.2 597476.2
370 783002.3 920252.4
371 681491.1 821177.3
372 527413.0 230269.7
373 143684.2 899521.1
374 251422.1 651514.5
375 4815.6 935935.9
376 275353.1 858765.9
377 278928.6 952430.9
378 506820.0 122949.8
379 416475.4 702471.4
380 436491.2 107738.8
381 766174.8 99865.6
382 441265.2 344576.5
383 297064.2 757621.1
384 338509.6 330758.4
385 55606.2 573182.9
386 485286.0 202482.0
387 114474.6 974347.9
388 864609.5 491840.7
389 367394.8 804912.4
390 162203.8 159579.8
391 57722.9 149251.4
392 468101.4 380608.3
393 883704.7 424133.5
394 412247.9 651294.6
395 308327.5 60142.5
396 814416.5 897656.9
397 919492.0 901217.9
398 770046.5 170796.2
399 572441.9 31403.8
400 803267.8 522214.6
401 861621.8 277198.2
402 869494.1 586862.0
403 389171.9 811895.4
404 525670.2 939871.5
405 420038.1 579862.5
406 749145.0 880784.1
407 338084.7 189548.6
408 743126.0 718919.4
409 879161.8 72869.0
410 710113.6 879059.9
411 359379.4 89853.1
412 161029.1 416796.4
413 96428.6 674692.8
414 562611.6 813046.8
415 878191.8 769360.1
416 635205.4 896524.0
417 878413.0 486470.7
418 113070.6 377484.5
419 382619.6 687577.9
420 121739.6 76821.8
421 143302.1 477640.8
422 708588.0 238019.3
423 390966.6 975880.8
424 628766.7 681198.8
425 908690.6 362400.1
426 859213.1 794277.9
427 428873.3 73511.0
428 498630.6 483872.8
429 450734.8 499657.3
430 740758.8 932843.5
431 300121.7 146195.6
432 110018.5 80322.0
433 972476.2 408177.5
434 238410.4 963160.2
435 833474.0 198079.9
436 129481.5 196307.4
437 339119.2 575679.2
438 440268.1 585674.6
439 432877.3 368202.7
440 382316.9 600132.7
441 429472.8 148787.4
442 670196.7 995400.6
443 698066.4 402739.9
444 849278.2 819527.2
445 793382.2 374249.4
446 9607.9 479778.6
447 639057.9 646495.2
448 644897.9 799034.8
449 377364.1 357671.8
450 389500.5 334306.8
451 693588.7 144897.5
452 291525.4 666856.3
453 854365.1 314698.9
454 144142.5 602249.4
455 5588.2 920829.5
456 381954.9 516531.5
457 344455.5 264133.5
458 290999.8 833648.1
459 124390.7 634619.4
460 48697.5 458045.9
461 376816.6 155872.9
462 755855.7 665973.2
463 11530.6 794880.8
464 560914.4 288654.5
465 415560.2 320611.3
466 514590.3 719155.2
467 842043.9 231895.3
468 465007.0 373359.3
469 50043.1 73850.3
470 202449.3 566182.6
471 831523.9 422552.5
472 839548.6 293043.4
473 181195.8 357525.7
474 934110.2 589419.2
475 369040.5 463058.7
476 627830.3 944452.1
477 405786.3 50481.6
478 444850.1 595927.2
479 748311.1 864171.5
480 131023.1 104579.4
481 665308.1 833377.8
482 581285.1 658593.6
483 982032.4 18916.0
484 921472.9 194678.9
485 967723.2 523072.5
486 278795.7 719794.8
487 590458.6 837081.9
488 834691.5 659887.6
489 730448.2 643026.7
490 349529.1 534876.2
491 664147.3 323428.9
492 869188.0 442370.3
493 917967.3 276667.6
494 951753.3 117237.8
495 416007.4 836375.5
496 962535.4 332928.3
497 526181.7 535956.3
498 818107.3 929890.1
499 662893.0 243228.5
500 941429.0 596723.2
501 126033.6 246973.7
502 886725.5 196178.0
503 162958.1 835997.0
504 602405.1 623242.6
505 838678.6 671648.2
506 391555.4 871283.8
507 667347.9 115606.6
508 40.2 676065.3
509 628753.2 454547.2
510 574345.9 32269.4
511 351392.6 855082.5
512 370837.2 661425.4
513 576430.1 59959.8
514 744468.3 279493.2
515 442623.7 176420.1
516 91800.9 897244.7
517 992419.5 594159.2
518 33003.6 690931.6
519 487211.8 569339.9
520 895724.1 434502.8
521 688594.2 203158.3
522 481720.3 272442.9
523 947119.9 244300.2
524 953262.1 476951.7
525 127087.6 961436.1
526 857155.8 217409.8
527 7007.9 782474.6
528 50393.3 960054.8
529 641374.0 573400.2
530 137093.4 129042.9
531 824626.8 501853.7
532 655887.7 505059.0
533 526454.4 118397.3
534 903056.4 668904.5
535 277585.9 386707.4
536 391493.5 831096.7
537 243001.3 123444.3
538 728306.5 648075.3
539 201216.7 848695.3
540 22556.4 105562.4
541 187978.9 360967.4
542 779658.4 719204.3
543 666364.1 580969.3
544 351172.6 157154.3
545 292090.7 169109.5
546 223696.8 671351.5
547 404765.1 886510.3
548 579362.3 341847.9
549 437240.4 699639.1
550 834282.9 791982.5
551 849067.8 282219.6
552 264661.7 169960.9
553 533532.1 73183.7
554 998735.7 750170.9
555 122220.8 164599.6
556 425107.0 773202.4
557 213567.8 433928.3
558 33077.2 929321.5
559 106043.1 266286.8
560 482048.7 792780.2
561 257524.5 213915.8
562 282464.5 380627.6
563 208123.3 928527.6
564 764063.6 616563.1
565 575852.7 356334.1
566 907847.8 197900.5
567 114106.7 791140.5
568 698162.6 18251.2
569 747969.0 114529.4
570 894963.7 654628.8
571 345890.5 382413.0
572 215049.2 331291.6
573 17785.1 914368.1
574 785470.0 393450.9
575 729983.4 831551.0
576 877796.7 129609.3
577 343424.9 942069.5
578 362191.5 352060.5
579 80655.2 571891.3
580 776393.4 844201.4
581 493295.5 817316.8
582 642734.3 435375.3
583 352314.5 349157.0
584 281544.5 919118.6
585 626152.5 744580.1
586 157540.1 776417.7
587 251955.3 612057.7
588 854603.1 314607.5
589 608444.5 125922.2
590 373661.8 133293.4
591 261862.7 126031.0
592 202817.3 750524.8
593 70950.1 458913.7
594 963243.6 234675.9
595 197517.9 683946.1
596 81326.5 854236.5
597 152562.6 120176.7
598 809123.8 944192.6
599 45520.3 60262.4
600 829722.2 141179.3
601 801167.8 227488.5
602 399214.6 599194.1
603 655206.4 53726.8
604 986363.6 812305.2
605 413579.6 31838.4
606 108048.7 974467.0
607 867119.1 671079.6
608 834368.9 238217.2
609 716938.8 589708.0
610 222539.9 227762.3
611 1573.6 447814.0
612 409765.8 933005.4
613 22461.7 513498.9
614 376501.4 859510.6
615 793872.2 609468.2
616 331803.7 624005.1
617 653873.1 644389.8
618 259119.8 26000.3
619 987041.6 207749.3
620 642325.2 560324.7
621 376933.5 120690.7
622 449106.8 137715.6
623 585800.1 542600.3
624 483601.3 886599.7
625 81594.7 362593.0
626 100809.1 299211.1
627 841667.9 913002.2
628 827927.1 970298.9
629 813280.1 797872.3
630 839795.8 448720.3
631 642095.2 693926.1
632 815759.4 468209.3
633 193633.7 401554.7
634 930651.9 467208.8
635 378444.6 517595.5
636 227756.2 899267.3
637 985847.4 136994.0
638 458480.9 689134.2
639 279015.2 409278.3
640 739931.7 31255.1
641 303932.4 192646.7
642 813189.4 274868.7
643 717761.0 408626.5
644 785073.0 722292.9
645 577059.1 632938.6
646 798595.8 275.3
647 627794.8 346431.4
648 471856.5 492207.4
649 529619.7 318549.3
650 857924.6 138002.0
651 399142.4 386913.0
652 846436.4 56134.8
653 456879.0 765531.8
654 292494.9 961920.6
655 999999.9 999092.1
656 741616.6 349782.6
657 796584.7 199000.5
658 600734.4 542824.5
659 251692.8 201616.9
660 575624.1 513759.0
661 747700.8 608019.9
662 989635.2 798450.3
663 554777.6 146671.4
664 107010.4 523784.5
665 246300.4 571627.0
666 334365.4 678709.4
667 69366.6 844640.7
668 876261.8 332072.7
669 145400.4 744074.6
670 661891.0 402783.7
671 585027.4 555452.7
672 494116.4 614501.4
673 924829.8 613926.1
674 256383.6 39663.3
675 620714.2 343489.3
676 24166.8 171393.5
677 610723.1 423845.3
678 568437.6 730372.7
679 373973.1 365643.9
680 376276.9 86605.8
681 583115.3 418165.7
682 110806.5 325262.4
683 685164.8 563983.6
684 871870.8 531860.2
685 974538.0 60241.3
686 475344.2 110132.2
687 992178.8 549515.0
688 698704.5 127237.2
689 474984.2 59347.0
690 445107.3 917977.0
691 439510.8 858511.2
692 997176.7 549302.3
693 124284.3 846325.4
694 190257.9 664345.6
695 656272.6 973193.2
696 457616.4 159346.7
697 139185.1 283332.7
698 972963.5 597956.3
699 852208.2 62886.0
700 925623.2 949394.1
701 466667.6 282231.2
702 460250.5 430824.4
703 866139.0 198630.6
704 384765.8 759196.4
705 814224.6 672738.8
706 721585.3 683364.9
707 313986.3 168482.7
708 688041.9 920935.7
709 165764.5 3818.4
710 176306.2 178151.8
711 198052.5 668273.6
712 674452.2 517482.2
713 323404.9 466967.4
714 320824.3 93643.7
715 870437.6 445120.9
716 147774.9 652046.3
717 941981.5 882350.3
718 660927.2 203913.3
719 170346.6 16074.6
720 165413.8 109083.2
721 361192.4 561133.1
722 963839.2 245494.4
723 23860.9 30040.2
724 886171.6 886351.7
725 913223.5 547401.2
726 172576.1 487047.9
727 814418.8 936608.7
728 583063.5 548906.5
729 471753.0 753336.8
730 332312.3 172458.7
731 512963.7 380426.5
732 828164.9 967037.8
733 4777.9 301389.6
734 454566.0 890453.0
735 843532.5 250356.0
736 733910.8 839556.3
737 422961.2 708479.0
738 405874.1 526300.1
739 525560.3 91533.5
740 403687.9 782130.3
741 264788.9 307858.9
742 184968.0 756626.4
743 620672.7 645345.8
744 327313.3 154232.4
745 184355.0 455199.2
746 533180.4 162427.9
747 925769.6 409057.6
748 31187.4 167285.4
749 565061.3 985431.1
750 140259.0 333569.9
751 309118.5 354326.3
752 162868.0 322150.3
753 379582.4 641375.8
754 602310.8 37682.8
755 335103.1 78214.1
756 544028.7 491122.0
757 287871.3 252718.5
758 439320.4 658614.0
759 325578.7 1664.3
760 972696.0 100869.8
761 318376.6 955515.5
762 349269.1 165406.4
763 985489.2 116442.1
764 41885.0 960955.9
765 785281.2 220390.4
766 101461.0 254562.8
767 437510.7 243010.8
768 282593.5 549228.4
769 882302.1 851649.3
770 670468.1 557610.4
771 757833.2 901996.4
772 853380.1 759697.4
773 233950.0 998290.1
774 261282.5 375040.1
775 299502.9 745522.2
776 991834.7 766313.4
777 428609.6 641665.0
778 463800.9 102468.1
779 181880.4 863360.7
780 503357.6 930975.1
781 898036.0 291166.1
782 629141.2 975399.8
783 544048.9 830669.1
784 54809.9 189621.9
785 975293.9 765209.1
786 869877.6 32338.8
787 518437.3 375437.0
788 969667.0 193147.4
789 228571.2 596947.5
790 896504.4 549478.5
791 84772.8 776984.1
792 771089.9 708398.4
793 51935.7 883564.7
794 71636.5 994661.1
795 269917.3 499773.1
796 687317.7 748434.9
797 944647.5 689707.4
798 911773.1 171227.2
799 815331.9 282827.5
800 481877.2 910852.8
801 703183.2 399307.9
802 168435.9 902493.6
803 210064.2 548365.1
804 372777.0 263152.7
805 806701.7 235833.8
806 658912.1 335605.5
807 522130.8 452883.1
808 606870.2 667104.3
809 21765.9 819204.9
810 377315.5 541796.3
811 969699.9 746283.9
812 793286.1 758698.9
813 453228.2 406749.8
814 244225.8 702279.6
815 213819.3 661177.3
816 407049.2 276393.4
817 343148.8 301463.0
818 688400.9 954291.6
819 778181.8 902303.9
820 21656.1 974240.1
821 53752.0 409958.0
822 163550.7 796038.1
823 11578.6 602006.4
824 921467.8 109927.1
825 545015.4 73038.4
826 556517.1 383380.8
827 481429.8 390932.9
828 408672.5 559108.8
829 941078.1 699029.5
830 589635.9 11143.1
831 282762.4 387383.0
832 745794.4 565690.1
833 554308.8 268585.5
834 117163.2 161620.4
835 354305.2 808310.0
836 265734.0 191671.0
837 414449.2 648154.3
838 529664.6 72854.8
839 469945.8 378955.1
840 98857.2 493254.8
841 132814.7 216245.5
842 438290.8 353126.3
843 993805.7 892149.1
844 349939.9 439150.5
845 801629.2 982168.2
846 301218.3 576637.8
847 551921.4 143244.3
848 506544.9 499835.2
849 729641.4 82597.6
850 217062.7 172927.1
851 385218.9 374621.5
852 264363.9 164684.7
853 856503.0 245427.1
854 893365.3 791156.3
855 964196.5 250745.8
856 284081.0 549813.7
857 718897.8 515290.4
858 486484.9 351868.8
859 858476.4 412210.4
860 20403.1 915687.5
861 959515.0 568632.0
862 997881.9 400522.9
863 587660.3 806355.0
864 408225.3 43407.2
865 545435.2 130099.0
866 574699.2 969220.0
867 681335.6 207209.1
868 563862.1 830683.2
869 292872.4 306061.6
870 977984.5 984922.0
871 583705.2 332868.5
872 521573.3 82394.7
873 807739.7 681656.1
874 594764.3 204153.1
875 200402.4 163936.5
876 280787.6 197464.9
877 793054.8 871826.6
878 789200.4 90745.5
879 160007.6 247025.7
880 761439.7 517069.8
881 391793.2 867991.5
882 332694.5 596702.6
883 780209.8 986729.0
884 954353.7 822798.7
885 777038.5 686430.8
886 841948.5 627998.4
887 768393.9 396655.3
888 585257.3 420051.3
889 801599.2 477758.7
890 690772.5 813622.4
891 550919.0 294793.1
892 586986.0 474320.1
893 898639.2 429241.4
894 259919.3 464032.8
895 39.2 658064.6
896 91840.4 562306.1
897 679042.5 667623.3
898 745264.0 652465.2
899 981988.4 279692.0
900 782769.4 5181.6
901 86812.6 59197.2
902 926769.5 214659.4
903 781356.2 253661.4
904 286591.2 738162.4
905 295857.3 473190.3
906 909973.4 923061.3
907 891786.2 250654.6
908 752405.8 683909.6
909 468107.0 473922.1
910 208752.7 506390.1
911 897770.9 835066.3
912 958706.1 973101.6
913 918435.7 148703.7
914 262890.3 396487.9
915 771450.6 770617.9
916 775715.7 454478.4
917 418673.0 636321.0
918 647096.0 742002.1
919 829492.0 272135.4
920 780221.4 180408.2
921 119996.9 787707.0
922 991853.2 77255.0
923 424932.5 841115.8
924 633542.3 944810.5
925 430353.2 945962.9
926 798558.8 377179.0
927 246791.7 828704.8
928 41603.4 228600.8
929 94000.2 861429.4
930 43491.1 954651.3
931 824232.1 869013.6
932 511974.2 750104.0
933 998299.4 417457.7
934 211602.5 403707.3
935 108904.7 362057.3
936 96876.5 203926.2
937 387090.1 823579.4
938 899206.6 965836.7
939 817065.3 416839.3
940 817440.6 724963.3
941 458524.1 415100.4
942 592705.6 603359.8
943 667518.7 987430.2
944 739097.1 4202.1
945 625461.4 130177.7
946 896095.5 677832.4
947 328329.7 236833.0
948 451459.6 680743.7
949 258829.4 145993.0
950 703849.5 598779.7
951 690966.5 73712.1
952 879645.6 202964.0
953 216739.0 732598.7
954 785622.6 958214.8
955 715460.3 740476.9
956 195229.1 215447.2
957 20458.1 839159.9
958 760827.0 218624.4
959 420198.2 270701.3
960 676851.1 835845.2
961 50492.2 622813.9
962 633691.8 457732.5
963 109521.3 725234.6
964 17517.3 412836.2
965 538174.7 102257.4
966 640354.4 435772.5
967 27800.5 242478.1
968 329900.2 631842.4
969 375768.7 544640.3
970 768851.0 78941.1
971 762720.8 48264.7
972 184593.9 470330.1
973 838480.3 338452.3
974 368349.7 853798.2
975 786712.6 278563.4
976 815297.4 703331.8
977 897892.0 870376.2
978 412815.0 181981.0
979 554443.4 530930.6
980 350968.4 725291.4
981 971990.0 235327.0
982 140848.3 237746.3
983 801560.2 822300.3
984 401015.5 867888.5
985 602370.4 38659.8
986 755131.1 487712.2
987 978601.5 355252.6
988 729884.3 165043.1
989 878878.5 310327.7
990 677583.8 150371.1
991 287850.7 906706.9
992 22168.8 591714.4
993 944596.3 829331.1
994 568109.2 211342.3
995 30379.1 582117.1
996 641646.6 155058.5
997 68263.7 307525.1
998 574306.5 368608.9
999 210033.6 34971.0
0 8 65 275 771 374 303 354 968 622
1 7 346 154 516 566 697 689 808
2 5 736 161 328 12 441
3 8 934 564 567 576 988 729 111 511
4 4 475 545 585 148
5 7 525 345 588 32 909 758 508
6 4 463 162 693 34
7 7 171 250 947 744 820 288 332
8 7 835 424 441 431 59 383 644
9 5 209 738 689 513 367
10 5 123 416 814 29 541
11 1 733
12 6 550 511 707 512 721 976
13 7 947 382 630 184 489 304 687
14 7 850 490 801 179 450 234 23
15 5 872 339 459 675 187
16 6 357 821 423 51 845 138
17 10 856 820 22 975 275 736 99 829 782 12
18 8 605 17 547 627 29 312 577 320
19 7 815 736 737 687 129 754 316
20 0
21 1 569
22 9 212 616 241 879 88 377 594 804 390
23 7 798 63 981 592 962 331 864
24 2 473 159
25 9 715 39 72 790 186 41 238 683 192
26 7 344 273 317 22 981 228 662
27 2 929 61
28 8 288 651 384 181 741 257 534 24
29 3 484 935 968
30 6 886 346 870 6 192 312
31 2 510 818
32 2 544 192
33 2 645 894
34 5 279 139 352 183 693
35 0
36 0
37 3 244 297 571
38 4 351 867 289 919
39 3 747 663 794
40 10 516 795 809 307 578 323 100 59 691 195
41 4 516 323 543 984
42 6 6 982 527 643 627 191
43 3 171 444 929
44 1 397
45 9 196 756 802 869 825 328 571 603 84
46 8 109 417 744 323 660 504 507 899
47 1 453
48 2 409 455
49 10 959 482 174 685 516 907 597 400 743 981
50 3 380 963 829
51 1 132
52 1 786
53 8 780 380 351 139 243 96 24 121
54 7 713 88 580 932 588 590 996
55 6 64 272 376 257 238 811
56 10 274 134 44 642 579 656 535 351 920 880
57 0
58 1 852
59 5 957 96 598 123 434
60 1 397
61 1 661
62 4 674 258 473 570
63 8 187 233 154 634 601 486 97 31
64 3 785 917 413
65 10 266 245 407 800 142 587 593 812 681 516
66 9 659 551 383 755 194 127 560 572 702
67 6 264 770 117 383 51 123
68 0
69 1 794
70 3 280 842 223
71 1 508
72 2 299 284
73 1 511
74 1 981
75 9 907 688 308 226 664 163 198 699 110
76 0
77 0
78 1 185
79 2 848 858
80 3 368 479 201
81 7 690 43 764 227 13 883 235
82 7 184 63 877 640 54 570 937
83 10 886 360 322 540 175 966 162 720 986 161
84 7 661 939 72 778 191 443 496
85 1 498
86 3 382 366 629
87 7 936 773 1 866 506 420 393
88 7 538 624 380 473 940 770 766
89 2 778 88
90 7 566 909 303 59 141 474 720
91 0
92 8 623 64 611 691 493 997 768 582
93 8 24 307 466 962 414 154 213 367
94 9 594 185 580 818 53 467 772 394 434
95 3 297 911 301
96 5 616 150 251 943 984
97 5 901 490 2 275 1000
98 9 25 47 58 903 154 535 940 306 291
99 4 91 961 445 660
100 4 584 949 517 505
101 4 688 539 420 44
102 8 100 959 580 685 642 108 817 60
103 6 524 168 374 744 653 670
104 1 740
105 6 932 214 61 579 363 969
106 1 814
107 2 904 564
108 0
109 5 992 700 118 814 488
110 0
111 2 70 417
112 0
113 1 973
114 4 596 916 315 32
115 8 613 227 404 266 470 202 380 646
116 10 587 241 429 691 213 269 954 21 353 480
117 1 688
118 2 277 136
119 6 683 718 720 785 259 399
120 10 155 196 118 156 834 61 277 619 585 352
121 10 358 493 146 269 521 578 863 304 954 12
122 9 224 908 256 951 240 902 115 367 515
123 0
124 4 327 281 583 827
125 10 936 873 109 917 516 855 133 136 637 143
126 7 628 871 867 261 611 24 528
127 10 367 934 550 963 296 730 578 456 187 171
128 8 557 549 334 25 480 764 973 485
129 9 785 137 29 366 858 362 730 648 332
130 3 240 135 812
131 3 101 909 194
132 5 232 515 204 183 66
133 5 982 502 527 353 364
134 3 276 613 452
135 10 496 871 933 824 446 38 270 708 150 959
136 9 612 937 817 919 950 35 382 172 273
137 3 288 544 231
138 0
139 1 31
140 1 615
141 2 151 158
142 6 549 382 595 453 690 730
143 3 142 899 107
144 6 969 601 132 629 128 928
145 9 29 607 685 38 601 233 807 167 299
146 0
147 1 485
148 8 683 493 141 529 908 435 230 471
149 2 811 219
150 3 653 208 225
151 3 91 368 7
152 9 862 198 691 495 257 519 948 107 281
153 6 199 113 902 851 611 6
154 9 224 19 854 891 643 642 3 866 235
155 1 248
156 9 449 519 595 486 754 5 260 166 870
157 6 826 976 507 690 619 690
158 0
159 2 181 421
160 10 234 137 421 192 102 341 431 680 461 311
161 6 390 758 474 423 643 566
162 0
163 4 466 603 616 475
164 10 231 151 515 431 979 991 425 817 670 536
165 2 303 783
166 10 194 30 145 302 731 333 488 989 765 445
167 0
168 7 657 167 109 248 778 528 444
169 5 154 652 594 143 835
170 10 602 708 199 63 488 380 700 844 409 252
171 9 236 175 766 924 814 559 549 486 41
172 5 783 594 916 158 37
173 7 511 407 58 11 68 58 110
174 10 384 241 19 361 419 821 941 314 544 334
175 9 646 530 369 226 153 914 46 221 608
176 2 568 183
177 4 183 633 781 696
178 0
179 2 539 832
180 5 646 965 730 909 335
181 6 966 964 592 641 26 497
182 6 749 290 387 497 442 302
183 10 7 318 754 984 429 94 5 868 453 473
184 4 345 673 19 552
185 3 407 783 496
186 5 295 555 864 374 334
187 1 867
188 10 110 274 14 580 871 620 93 804 910 979
189 8 208 850 172 996 665 346 773 231
190 6 549 314 89 556 198 399
191 10 133 495 99 363 575 756 373 681 110 443
192 10 553 924 721 667 700 25 785 259 859 132
193 8 120 461 751 505 7 512 608 16
194 3 434 186 937
195 10 779 432 494 72 80 626 945 38 708 430
196 5 402 79 268 367 247
197 4 871 174 482 96
198 0
199 10 260 389 194 611 988 197 575 454 170 367
200 0
201 8 344 97 465 692 963 220 647 177
202 9 812 849 246 10 568 458 265 513 446
203 9 52 371 914 527 631 33 976 64 353
204 5 848 449 962 456 859
205 0
206 9 847 6 104 353 8 627 658 744 640
207 2 599 485
208 0
209 1 754
210 5 903 295 873 968 111
211 6 138 719 450 775 873 732
212 7 411 822 814 843 524 401 587
213 4 737 740 271 960
214 8 687 425 413 845 36 113 891 685
215 4 287 867 249 702
216 7 421 19 613 482 325 125 515
217 4 425 482 791 333
218 9 50 1 400 557 609 822 428 361 427
219 8 99 484 476 474 569 13 81 327
220 4 241 636 944 193
221 4 59 611 592 867
222 9 799 816 52 796 86 143 406 215 77
223 3 775 609 231
224 10 555 886 563 761 635 221 224 417 499 103
225 8 440 927 782 119 775 828 47 959
226 8 177 562 121 75 539 267 146 579
227 10 640 79 916 144 762 870 510 414 957 136
228 8 799 954 150 554 263 911 770 412
229 1 455
230 4 734 648 792 665
231 6 295 550 986 685 237 750
232 0
233 6 370 825 185 209 665 901
234 6 306 720 327 773 465 129
235 1 208
236 9 855 277 788 872 684 789 745 234 779
237 6 772 921 983 979 913 815
238 7 865 419 911 32 630 496 831
239 2 566 504
240 8 1 526 288 630 810 63 808 412
241 5 667 502 358 949 510
242 3 627 925 950
243 5 432 529 48 127 714
244 2 134 760
245 8 847 452 684 211 340 456 571 804
246 10 163 573 993 87 389 650 342 438 208 408
247 8 640 436 50 283 226 363 303 513
248 2 339 247
249 9 797 535 456 385 986 83 166 110 182
250 2 889 558
251 8 900 284 901 163 239 746 812 811
252 9 118 432 930 740 766 219 337 588 581
253 9 194 682 586 447 994 179 694 570 802
254 4 273 465 444 426
255 8 335 155 916 665 134 779 146 327
256 10 543 384 134 923 379 730 158 554 986 867
257 10 192 170 866 386 225 809 918 85 547 260
258 3 904 797 274
259 3 46 220 386
260 10 773 35 228 534 339 599 683 463 475 558
261 2 774 609
262 4 911 567 263 294
263 8 59 794 535 168 839 792 552 796
264 2 877 884
265 3 829 452 601
266 9 883 869 507 909 278 779 771 764 176
267 10 353 259 699 769 996 833 602 541 134 503
268 4 399 216 338 990
269 10 140 443 819 566 861 945 909 272 325 997
270 0
271 1 175
272 10 37 863 670 724 698 27 992 445 303 95
273 9 90 84 889 467 299 979 92 498 329
274 7 729 402 177 944 625 73 970
275 1 527
276 8 196 535 937 238 826 66 92 501
277 6 44 519 448 444 177 83
278 6 595 523 378 668 373 538
279 0
280 7 519 884 899 905 507 344 110
281 10 56 547 288 995 207 760 987 299 603 852
282 2 212 769
283 10 87 950 916 155 447 651 249 451 842 725
284 5 268 239 473 674 832
285 10 950 420 586 475 588 671 107 631 685 303
286 8 702 860 316 738 283 276 657 350
287 6 22 125 487 649 326 296
288 4 150 574 784 815
289 6 410 744 256 463 660 508
290 0
291 9 476 310 849 540 359 228 408 993 596
292 6 873 109 62 705 143 405
293 8 802 178 329 606 883 97 570 56
294 5 891 742 709 514 85
295 9 756 457 948 508 379 126 417 904 428
296 10 46 268 451 128 111 497 770 174 785 808
297 5 244 642 203 574 344
298 0
299 8 613 516 909 716 860 632 474 128
300 8 16 14 181 100 526 230 339 85
301 10 51 488 185 484 357 587 342 496 169 293
302 10 32 469 859 224 535 321 853 762 350 765
303 7 541 562 391 319 991 429 248
304 5 568 715 254 277 633
305 2 478 943
306 1 908
307 9 906 705 606 580 301 142 563 399 233
308 10 861 301 648 349 764 996 812 604 1000 784
309 2 675 844
310 8 482 246 779 958 598 141 62 515
311 5 948 87 611 932 44
312 2 813 220
313 7 397 485 979 370 507 268 406
314 9 128 172 831 731 509 990 899 709 330
315 10 188 271 891 263 896 895 182 103 182 367
316 4 838 12 731 577
317 10 893 711 383 607 231 940 759 274 769 103
318 4 573 363 298 57
319 1 10
320 4 369 154 110 434
321 8 287 687 168 875 525 197 100 313
322 2 186 47
323 5 704 131 173 767 774
324 4 747 206 374 651
325 3 0 102 292
326 1 527
327 4 376 211 995 289
328 4 240 737 513 11
329 0
330 6 548 458 935 302 906 437
331 9 184 299 808 824 205 607 420 372 72
332 2 325 749
333 3 831 184 717
334 9 7 703 86 909 901 594 604 439 18
335 8 461 291 498 640 936 573 791 504
336 0
337 4 293 442 894 939
338 7 24 346 0 550 929 165 772
339 8 327 351 682 160 475 630 155 279
340 7 992 465 961 325 516 498 816
341 6 854 661 352 694 60 147
342 4 451 538 596 580
343 5 310 988 395 597 304
344 0
345 4 765 709 742 845
346 6 622 743 573 259 397 144
347 10 578 418 257 794 819 205 403 263 82 488
348 0
349 10 818 540 111 747 128 513 371 244 906 811
350 4 382 179 200 973
351 10 724 980 723 483 522 552 555 654 72 151
352 1 881
353 9 992 655 525 363 783 703 97 786 209
354 9 246 941 160 6 948 547 940 176 703
355 9 33 105 727 140 435 32 87 474 954
356 6 802 87 983 979 380 321
357 9 793 996 45 555 882 221 157 410 282
358 10 457 53 639 225 302 875 152 802 254 149
359 4 486 122 948 215
360 4 405 375 287 394
361 8 488 802 598 271 179 727 805 494
362 8 119 393 97 367 146 141 141 943
363 9 626 409 927 780 87 548 765 531 619
364 7 125 829 565 166 333 591 220
365 2 236 154
366 8 641 668 649 759 791 208 723 55
367 2 238 655
368 5 68 782 54 433 796
369 9 506 908 281 998 104 467 124 800 228
370 0
371 6 293 489 748 141 746 658
372 7 545 491 234 512 498 436 557
373 3 80 87 376
374 6 152 825 51 206 329 674
375 9 365 759 110 337 79 290 703 946 365
376 1 83
377 6 930 278 88 345 298 480
378 0
379 0
380 10 933 691 970 693 738 230 504 425 784 579
381 9 613 258 346 509 393 222 210 319 722
382 0
383 1 165
384 8 484 452 89 872 474 25 527 918
385 8 391 196 540 272 571 637 535 945
386 7 150 557 610 458 929 267 371
387 7 55 249 602 713 875 809 372
388 7 848 95 977 985 405 652 349
389 0
390 5 957 451 140 640 435
391 0
392 5 663 335 323 380 645
393 9 659 572 678 386 377 543 893 54 945
394 4 833 877 407 320
395 9 51 816 52 867 394 216 788 868 447
396 1 400
397 1 311
398 3 285 422 843
399 6 30 685 84 725 298 431
400 10 481 106 901 591 447 809 132 861 290 544
401 2 671 862
402 10 4 825 840 86 809 481 1000 180 645 871
403 5 84 440 848 337 738
404 2 858 2
405 0
406 3 736 688 810
407 2 557 708
408 1 423
409 6 957 248 719 757 713 124
410 7 976 608 755 83 786 136 71
411 3 680 659 231
412 1 450
413 9 762 591 214 514 709 4 349 642 32
414 0
415 8 839 736 591 202 630 521 97 560
416 2 113 794
417 9 64 308 496 206 43 655 61 278 323
418 9 188 770 567 394 319 648 304 109 487
419 5 477 823 782 968 998
420 5 556 57 868 1 212
421 6 524 699 80 113 334 433
422 2 357 430
423 10 728 18 419 838 994 11 967 161 385 145
424 4 682 227 724 755
425 3 358 977 656
426 0
427 10 668 2 574 336 204 124 967 541 861 339
428 5 860 886 210 426 948
429 0
430 9 515 742 787 765 244 588 160 869 984
431 0
432 2 566 335
433 3 521 700 515
434 3 763 224 174
435 2 619 923
436 9 172 881 936 715 192 728 613 525 77
437 10 703 78 311 492 749 879 501 709 526 513
438 1 362
439 0
440 10 669 824 866 853 867 585 938 692 510 566
441 9 692 972 476 241 15 499 181 495 159
442 8 411 359 255 934 495 648 945 366
443 6 509 817 993 542 952 106
444 7 255 228 57 640 815 444 953
445 9 491 317 738 829 561 896 601 409 204
446 2 395 417
447 9 572 776 548 641 475 525 65 737 784
448 4 43 549 828 866
449 9 581 366 166 820 620 654 726 450 200
450 1 715
451 9 776 504 263 644 310 872 608 922 80
452 3 677 308 702
453 1 879
454 10 979 296 934 614 85 491 45 221 445 825
455 10 559 283 928 208 142 219 620 890 771 618
456 3 405 866 75
457 1 737
458 1 575
459 10 42 76 345 44 544 612 934 99 925 803
460 10 403 716 60 60 469 38 489 368 936 975
461 3 623 792 637
462 5 975 658 227 596 191
463 9 217 503 140 556 775 417 231 630 242
464 1 629
465 5 235 870 420 941 521
466 0
467 7 535 798 293 864 245 590 285
468 4 126 314 216 492
469 9 158 154 960 938 489 706 125 959 713
470 9 301 526 77 902 542 264 915 605 284
471 2 634 763
472 7 609 427 550 221 90 890 988
473 8 553 383 128 212 447 690 135 715
474 9 729 215 642 764 631 978 336 144 447
475 7 387 267 407 344 866 647 993
476 6 877 314 26 6 770 32
477 3 814 924 11
478 5 179 952 867 332 546
479 3 270 835 928
480 4 397 398 497 468
481 4 498 162 879 674
482 2 946 376
483 4 187 290 229 889
484 7 841 792 5 525 376 278 914
485 10 330 161 503 729 627 631 119 824 549 734
486 0
487 2 134 225
488 8 495 570 540 647 956 829 509 251
489 0
490 1 197
491 4 884 39 855 826
492 8 17 86 492 71 720 312 897 152
493 10 216 139 824 470 7 864 324 979 843 770
494 2 579 767
495 6 830 100 621 279 290 415
496 1 999
497 8 357 598 369 468 476 781 189 626
498 2 617 377
499 0
t 815 691295.1 596045.2
