500 100 5
0 7.8 131537.8
1 755605.3 458650.1
2 532767.2 218959.2
3 47044.6 678864.7
4 679296.4 934692.9
5 383502.1 519416.4
6 830965.3 34572.1
7 53461.6 529700.2
8 671149.4 7698.2
9 383415.7 66842.2
10 417486.0 686772.7
11 588976.6 930436.5
12 846166.9 526928.8
13 91964.9 653919.0
14 415999.4 701190.6
15 910320.8 762198.0
16 262453.0 47464.5
17 736081.9 328234.2
18 632638.6 756410.5
19 991037.4 365338.7
20 247038.9 982550.3
21 722660.4 753355.8
22 651518.6 72685.9
23 631634.7 884707.1
24 272710.0 436411.4
25 766494.8 477731.8
26 237774.4 274906.8
27 359265.0 166507.2
28 486517.4 897656.3
29 909208.1 60564.3
30 904653.1 504522.9
31 516292.0 319032.9
32 986642.1 493976.7
33 266144.5 90732.9
34 947764.2 73749.1
35 500707.1 384142.1
36 277081.8 913817.4
37 529747.4 464445.8
38 940980.0 50084.0
39 761514.3 770204.5
40 827817.3 125365.4
41 15867.7 688455.3
42 868247.1 629543.4
43 736224.5 725412.0
44 999457.9 888572.2
45 233194.9 306321.8
46 351015.2 513273.7
47 591113.6 845981.6
48 412080.8 841510.6
49 269317.3 415394.6
50 537304.0 467917.4
51 287212.4 178327.7
52 153720.0 571654.8
53 802405.7 33053.8
54 534449.8 498480.1
55 955360.8 748292.7
56 554583.8 890737.5
57 624849.3 842039.6
58 159767.5 212751.5
59 714710.0 130427.3
60 90990.3 274588.1
61 2999.6 414293.3
62 26876.3 709819.6
63 937897.3 239910.8
64 180895.9 317539.5
65 886990.7 652058.7
66 150335.1 681346.2
67 385814.7 387725.3
68 499741.0 147533.0
69 587186.6 845575.7
70 590108.6 955408.8
71 556146.1 148151.6
72 983305.1 408766.7
73 141819.8 564898.7
74 252126.4 488514.5
75 464030.5 961095.1
76 126030.8 199757.2
77 319249.7 629269.2
78 126712.2 651253.7
79 621634.0 803073.0
80 247841.8 476431.8
81 389314.2 203250.3
82 28375.2 901673.5
83 426497.4 142021.0
84 947486.8 410313.0
85 131188.5 885648.4
86 92173.6 162198.6
87 71063.6 365339.0
88 253057.4 135109.4
89 783153.2 455307.3
90 349524.1 452300.2
91 808944.6 931674.4
92 651646.1 215248.4
93 679592.4 908921.9
94 250125.6 860859.8
95 471262.3 505955.9
96 600393.7 817561.5
97 755843.5 462245.0
98 951367.5 632738.7
99 439330.3 824697.4
100 688980.9 702206.6
101 987145.5 954414.9
102 851269.7 289316.2
103 537425.7 514434.7
104 103433.9 414028.5
105 576716.6 876565.7
106 440038.7 729747.7
107 869263.7 715642.3
108 800720.3 706535.5
109 741715.9 19092.4
110 886031.1 524987.4
111 463322.7 65193.9
112 713422.3 488943.2
113 667679.1 682049.1
114 199554.7 916633.9
115 865882.7 890018.7
116 543948.3 139195.0
117 450347.4 989362.5
118 215532.0 446023.4
119 315732.4 514659.5
120 881504.1 439725.6
121 467531.8 806649.9
122 365158.1 211519.0
123 999116.7 153604.5
124 630488.3 616350.4
125 595.0 879.0
126 773352.0 727335.0
127 319177.6 417723.7
128 682494.2 680562.0
129 205261.9 836419.9
130 708920.6 828708.0
131 94548.8 81737.6
132 764004.9 629571.8
133 213852.2 213546.8
134 81060.8 388823.2
135 952159.7 947545.1
136 389853.6 269214.7
137 692169.0 284035.0
138 776865.8 783865.2
139 422459.8 282155.9
140 193967.5 11316.2
141 191823.8 983235.8
142 244054.2 819726.1
143 136454.9 398143.7
144 601010.1 176880.4
145 828354.7 157731.2
146 987937.0 257168.7
147 233599.2 101637.4
148 219410.6 634717.4
149 696007.3 794769.8
150 696242.8 752940.4
151 669520.6 633429.9
152 56440.7 598216.6
153 227007.7 318777.9
154 699834.4 117436.9
155 762570.7 526123.3
156 553911.3 587988.9
157 329666.4 702989.4
158 143045.3 161687.7
159 485325.2 860225.7
160 813265.7 556835.8
161 738996.6 316007.3
162 135332.2 528548.3
163 310738.9 588119.1
164 518083.6 430847.8
165 258842.8 370226.3
166 393017.6 446865.9
167 475896.2 387831.2
168 279293.0 78263.2
169 369742.0 253922.3
170 671784.2 676236.9
171 513936.4 728608.4
172 720767.8 944752.8
173 460697.3 940163.1
174 321560.1 460434.2
175 517145.3 661355.5
176 401832.9 605639.7
177 986502.7 150393.9
178 670098.4 343817.6
179 541710.2 522807.7
180 829238.7 14950.6
181 274209.7 642978.9
182 546136.6 917847.7
183 266613.3 970086.7
184 246733.1 843975.4
185 694023.7 455751.6
186 817101.3 22083.7
187 160748.9 706950.0
188 707826.3 436638.4
189 582421.1 751710.1
190 991533.0 695679.2
191 279511.7 753862.7
192 171178.9 4253.9
193 495691.1 79916.9
194 163081.1 903301.2
195 782992.0 746679.1
196 436425.7 6341.7
197 584787.2 518478.4
198 66849.8 544022.7
199 389731.4 215825.9
200 385769.4 626861.4
201 659053.3 709319.8
202 538661.3 280288.9
203 815932.2 371909.7
204 686101.6 310168.9
205 9347.5 103797.3
206 520960.1 775880.3
207 220685.1 55278.8
208 70634.9 160273.9
209 723763.7 297022.1
210 50602.6 477804.3
211 457161.9 519988.5
212 446489.6 150311.5
213 285942.4 833682.1
214 695637.4 577776.0
215 681164.5 331175.0
216 57475.3 986883.0
217 542393.1 1657.4
218 856192.6 29355.5
219 377550.4 489651.7
220 576173.0 738958.7
221 679332.2 536266.8
222 35587.7 122506.9
223 973355.6 188275.8
224 351318.7 614125.5
225 607611.5 125932.8
226 552862.1 954028.5
227 356925.0 838101.6
228 974252.3 259014.2
229 251527.6 424335.9
230 813048.0 897914.2
231 244586.2 760617.3
232 694856.4 451851.2
233 263620.2 665503.5
234 116571.0 209562.3
235 113675.7 546974.8
236 6079.4 175974.3
237 599359.3 431908.3
238 82506.5 687414.5
239 375310.1 836206.6
240 123637.4 973346.2
241 29635.3 80353.1
242 494244.6 769437.4
243 934030.5 250155.3
244 359657.8 769114.1
245 499955.3 749251.6
246 671903.5 681665.8
247 756770.2 36367.6
248 230571.9 221667.3
249 562602.0 652621.9
250 616610.4 371465.7
251 224801.2 233691.5
252 653011.6 165927.5
253 744104.2 159757.7
254 47638.6 661993.5
255 124944.9 949157.1
256 484180.5 621045.6
257 914025.0 17944.5
258 593545.7 721871.6
259 496582.0 53694.4
260 441632.6 519174.9
261 771944.2 65356.3
262 442790.3 977180.2
263 467741.4 329056.1
264 445929.9 743274.0
265 205341.3 171379.3
266 372519.8 939725.4
267 964851.2 254957.5
268 70335.2 123848.8
269 526337.8 160083.2
270 517707.2 105184.8
271 841576.0 368562.1
272 423890.5 327227.6
273 713546.5 576775.9
274 871884.2 758245.8
275 836597.8 699791.1
276 389060.2 935241.6
277 605602.6 362083.6
278 539504.7 455072.4
279 401692.2 240440.5
280 83085.7 421578.7
281 472379.9 289766.5
282 104969.1 216386.1
283 802018.6 527439.1
284 668820.4 863642.8
285 243750.3 711564.4
286 263662.9 382821.5
287 81005.5 459762.8
288 232867.0 795352.6
289 491343.1 3228.8
290 266119.2 664688.8
291 425191.1 186824.7
292 963475.6 134039.1
293 795855.7 946044.6
294 171155.2 606001.3
295 63803.6 347491.7
296 292468.0 509658.2
297 825836.5 834338.5
298 726443.1 329434.3
299 802084.4 631763.3
300 45340.7 41420.4
301 153315.1 767065.0
302 61731.4 519303.2
303 929149.8 220515.5
304 204562.9 88992.7
305 699691.0 706461.3
306 494630.9 261778.5
307 711571.3 378366.2
308 200644.5 232607.6
309 436096.2 469498.5
310 861187.4 977238.3
311 444519.2 34243.1
312 523771.7 31638.8
313 753173.8 591588.2
314 822891.0 329578.9
315 232078.1 536528.3
316 430618.4 403581.1
317 987324.7 966909.7
318 850530.6 867514.2
319 311605.2 148390.4
320 997598.6 639523.3
321 468074.7 931914.7
322 690772.6 815406.8
323 541534.6 572806.5
324 159216.1 945250.3
325 821333.7 155413.9
326 41074.8 343613.4
327 110019.4 96538.3
328 518773.3 22405.0
329 561483.7 856876.1
330 516908.1 674524.7
331 737174.9 698460.3
332 22799.5 191983.8
333 670991.0 345871.7
334 66290.3 140710.5
335 921117.5 221656.5
336 380114.6 586015.8
337 167312.8 26339.7
338 691126.5 762343.9
339 713695.3 77324.3
340 589809.3 925503.0
341 929697.8 430446.0
342 505969.6 831256.0
343 919236.1 601637.6
344 723836.5 519336.6
345 490817.0 161419.4
346 976115.6 574360.3
347 273251.1 531427.3
348 698558.2 667049.3
349 97432.5 548736.3
350 610737.7 667965.4
351 495125.3 571582.6
352 588888.0 441313.2
353 151216.9 502274.7
354 731363.8 31656.5
355 51616.7 522063.5
356 320642.3 35059.5
357 245142.3 107180.5
358 382968.5 551829.4
359 597168.5 611110.6
360 935251.5 772030.3
361 513148.5 486681.2
362 650127.7 696995.7
363 407537.7 486849.5
364 479782.9 710450.1
365 534198.6 276647.0
366 605538.2 280103.7
367 703369.5 530489.6
368 938254.0 235402.7
369 413494.2 597476.2
370 783002.3 920252.4
371 681491.1 821177.3
372 527413.0 230269.7
373 143684.2 899521.1
374 251422.1 651514.5
375 4815.6 935935.9
376 275353.1 858765.9
377 278928.6 952430.9
378 506820.0 122949.8
379 416475.4 702471.4
380 436491.2 107738.8
381 766174.8 99865.6
382 441265.2 344576.5
383 297064.2 757621.1
384 338509.6 330758.4
385 55606.2 573182.9
386 485286.0 202482.0
387 114474.6 974347.9
388 864609.5 491840.7
389 367394.8 804912.4
390 162203.8 159579.8
391 57722.9 149251.4
392 468101.4 380608.3
393 883704.7 424133.5
394 412247.9 651294.6
395 308327.5 60142.5
396 814416.5 897656.9
397 919492.0 901217.9
398 770046.5 170796.2
399 572441.9 31403.8
400 803267.8 522214.6
401 861621.8 277198.2
402 869494.1 586862.0
403 389171.9 811895.4
404 525670.2 939871.5
405 420038.1 579862.5
406 749145.0 880784.1
407 338084.7 189548.6
408 743126.0 718919.4
409 879161.8 72869.0
410 710113.6 879059.9
411 359379.4 89853.1
412 161029.1 416796.4
413 96428.6 674692.8
414 562611.6 813046.8
415 878191.8 769360.1
416 635205.4 896524.0
417 878413.0 486470.7
418 113070.6 377484.5
419 382619.6 687577.9
420 121739.6 76821.8
421 143302.1 477640.8
422 708588.0 238019.3
423 390966.6 975880.8
424 628766.7 681198.8
425 908690.6 362400.1
426 859213.1 794277.9
427 428873.3 73511.0
428 498630.6 483872.8
429 450734.8 499657.3
430 740758.8 932843.5
431 300121.7 146195.6
432 110018.5 80322.0
433 972476.2 408177.5
434 238410.4 963160.2
435 833474.0 198079.9
436 129481.5 196307.4
437 339119.2 575679.2
438 440268.1 585674.6
439 432877.3 368202.7
440 382316.9 600132.7
441 429472.8 148787.4
442 670196.7 995400.6
443 698066.4 402739.9
444 849278.2 819527.2
445 793382.2 374249.4
446 9607.9 479778.6
447 639057.9 646495.2
448 644897.9 799034.8
449 377364.1 357671.8
450 389500.5 334306.8
451 693588.7 144897.5
452 291525.4 666856.3
453 854365.1 314698.9
454 144142.5 602249.4
455 5588.2 920829.5
456 381954.9 516531.5
457 344455.5 264133.5
458 290999.8 833648.1
459 124390.7 634619.4
460 48697.5 458045.9
461 376816.6 155872.9
462 755855.7 665973.2
463 11530.6 794880.8
464 560914.4 288654.5
465 415560.2 320611.3
466 514590.3 719155.2
467 842043.9 231895.3
468 465007.0 373359.3
469 50043.1 73850.3
470 202449.3 566182.6
471 831523.9 422552.5
472 839548.6 293043.4
473 181195.8 357525.7
474 934110.2 589419.2
475 369040.5 463058.7
476 627830.3 944452.1
477 405786.3 50481.6
478 444850.1 595927.2
479 748311.1 864171.5
480 131023.1 104579.4
481 665308.1 833377.8
482 581285.1 658593.6
483 982032.4 18916.0
484 921472.9 194678.9
485 967723.2 523072.5
486 278795.7 719794.8
487 590458.6 837081.9
488 834691.5 659887.6
489 730448.2 643026.7
490 349529.1 534876.2
491 664147.3 323428.9
492 869188.0 442370.3
493 917967.3 276667.6
494 951753.3 117237.8
495 416007.4 836375.5
496 962535.4 332928.3
497 526181.7 535956.3
498 818107.3 929890.1
499 662893.0 243228.5
0 10 298 63 123 444 98 81 418 301 312 420
1 7 196 436 334 57 0 338 315
2 5 287 16 176 428 185
3 7 288 30 372 140 221 88 45
4 9 497 297 16 346 244 285 448 217 344
5 2 241 136
6 10 122 477 238 63 481 429 108 3 392 25
7 10 321 287 68 64 413 251 328 253 263 59
8 9 335 139 193 196 416 121 61 364 324
9 2 425 11
10 1 94
11 3 390 360 333
12 6 175 78 146 84 112 336
13 4 444 290 171 219
14 7 417 396 425 141 132 85 267
15 0
16 10 375 61 82 212 387 106 217 16 465 53
17 2 241 397
18 2 107 141
19 4 104 465 382 308
20 6 178 454 99 57 396 349
21 0
22 8 57 448 327 173 191 107 165 8
23 10 393 197 365 416 439 64 172 471 181 176
24 0
25 6 388 422 247 409 322 218
26 3 174 141 460
27 6 373 78 388 126 306 428
28 3 304 63 187
29 1 131
30 1 101
31 8 35 229 482 117 98 342 40 427
32 1 60
33 8 473 22 30 415 70 401 113 200
34 6 328 26 494 406 207 15
35 1 488
36 9 336 418 119 359 295 111 114 0 224
37 4 467 11 257 188
38 9 397 305 166 312 327 322 129 13 494
39 2 321 280
40 4 60 225 68 293
41 5 242 444 40 181 50
42 3 421 457 414
43 10 407 399 420 224 321 347 408 234 97 201
44 10 234 189 259 114 450 493 68 229 345 139
45 4 370 15 152 96
46 8 137 359 204 393 361 289 317 400
47 0
48 6 173 236 246 265 159 429
49 1 199
50 4 424 28 228 383
51 3 481 500 500
52 8 175 399 99 300 271 126 101 288
53 5 374 304 495 400 277
54 1 53
55 5 123 286 167 340 34
56 9 439 166 72 372 331 201 293 278 247
57 6 463 307 128 19 310 172
58 0
59 1 305
60 4 284 365 187 183
61 4 43 292 209 55
62 3 343 282 436
63 5 488 30 238 55 497
64 6 350 63 237 29 222 459
65 4 430 499 275 62
66 9 95 332 328 487 229 79 69 141 487
67 6 426 31 463 475 233 141
68 5 215 433 99 192 380
69 8 337 361 342 157 84 344 461 83
70 0
71 1 89
72 2 334 337
73 5 162 233 160 46 436
74 4 74 326 471 442
75 7 102 85 8 82 54 180 281
76 10 122 11 15 443 444 457 274 86 244 408
77 10 292 275 236 377 166 86 256 190 414 484
78 0
79 3 227 446 422
80 2 367 420
81 4 354 203 263 263
82 1 202
83 8 132 154 92 379 310 323 163 77
84 2 228 267
85 1 463
86 4 15 83 283 493
87 1 167
88 3 177 81 161
89 4 321 301 18 167
90 0
91 5 246 144 126 220 329
92 3 0 487 50
93 3 478 174 82
94 10 58 20 481 393 110 50 127 219 121 141
95 6 442 426 335 279 379 451
96 9 380 117 500 130 187 150 373 496 383
97 4 321 232 51 91
98 9 252 466 449 145 315 488 272 416 27
99 2 488 383
q 3 518437.3 375437.0
q 19 228571.2 596947.5
q 55 84772.8 776984.1
q 71 51935.7 883564.7
t 498 269917.3 499773.1
