50 14 2
0 7.8 131537.8
1 755605.3 458650.1
2 532767.2 218959.2
3 47044.6 678864.7
4 679296.4 934692.9
5 383502.1 519416.4
6 830965.3 34572.1
7 53461.6 529700.2
8 671149.4 7698.2
9 383415.7 66842.2
10 417486.0 686772.7
11 588976.6 930436.5
12 846166.9 526928.8
13 91964.9 653919.0
14 415999.4 701190.6
15 910320.8 762198.0
16 262453.0 47464.5
17 736081.9 328234.2
18 632638.6 756410.5
19 991037.4 365338.7
20 247038.9 982550.3
21 722660.4 753355.8
22 651518.6 72685.9
23 631634.7 884707.1
24 272710.0 436411.4
25 766494.8 477731.8
26 237774.4 274906.8
27 359265.0 166507.2
28 486517.4 897656.3
29 909208.1 60564.3
30 904653.1 504522.9
31 516292.0 319032.9
32 986642.1 493976.7
33 266144.5 90732.9
34 947764.2 73749.1
35 500707.1 384142.1
36 277081.8 913817.4
37 529747.4 464445.8
38 940980.0 50084.0
39 761514.3 770204.5
40 827817.3 125365.4
41 15867.7 688455.3
42 868247.1 629543.4
43 736224.5 725412.0
44 999457.9 888572.2
45 233194.9 306321.8
46 351015.2 513273.7
47 591113.6 845981.6
48 412080.8 841510.6
49 269317.3 415394.6
0 5 23 14 9 7 29
1 8 1 27 25 48 38 28 45 31
2 9 8 10 36 6 4 14 0 21 1
3 7 47 12 9 16 45 33 7
4 7 19 19 25 7 29 43 30
5 10 28 7 50 20 7 28 12 24 23 49
6 1 10
7 3 32 6 33
8 6 40 12 24 19 10 1
9 9 21 7 48 20 6 45 4 8 3
10 4 12 6 39 23
11 3 23 41 47
12 7 10 34 46 12 43 24 25
13 6 41 38 23 48 32 22
t 35 702206.6 987145.5
t 43 289316.2 537425.7
