100 20 1
0 396190.5 772983.4
1 531464.5 324589.4
2 374722.9 967154.9
3 972788.8 662058.3
4 213279.8 593976.3
5 960284.9 508390.9
6 526059.5 482395.3
7 617876.4 649399.3
8 454777.6 447803.9
9 240528.3 559874.6
10 812974.5 663046.2
11 817759.6 86065.4
12 501091.1 838830.6
13 226323.8 824823.3
14 804949.4 784760.2
15 464475.4 438682.3
16 932645.4 970768.6
17 708044.0 94746.1
18 396901.5 724146.6
19 732395.1 364583.5
20 554875.0 783838.3
21 970760.9 578713.2
22 432797.0 18952.3
23 530716.6 753796.9
24 64029.4 142592.0
25 544392.1 597654.5
26 778607.8 60966.5
27 663403.8 828372.1
28 449670.4 610510.3
29 846897.2 800820.2
30 385127.3 834979.1
31 492991.5 707675.9
32 909300.3 610647.2
33 147434.9 939031.5
34 302770.6 665307.6
35 824127.1 103619.5
36 533102.7 857576.5
37 288041.4 111714.6
38 587942.5 549627.8
39 594720.8 471792.7
40 420339.2 640306.8
41 636042.7 970456.8
42 468235.0 624819.7
43 344454.7 250273.0
44 337577.0 656622.5
45 855007.1 103842.0
46 271978.5 142030.5
47 107403.0 121938.2
48 414736.9 483794.0
49 125135.7 155252.8
50 333706.7 608098.8
51 316517.8 715052.1
52 881102.5 690037.7
53 464441.3 864234.6
54 190533.5 295724.8
55 247010.9 512287.2
56 11584.2 696361.1
57 741041.7 687691.5
58 31005.8 114852.6
59 328467.5 553273.9
60 874456.4 988401.6
61 66226.0 60155.0
62 24859.7 817242.3
63 391000.5 544615.2
64 348293.2 764357.4
65 555127.3 24775.6
66 404324.4 479493.6
67 848983.4 864026.7
68 696685.7 196341.9
69 919076.6 920394.0
70 61458.7 936400.5
71 83471.2 900787.1
72 529512.2 512246.7
73 331034.5 696455.3
74 324644.9 306820.0
75 723109.4 299846.3
76 516820.0 192953.9
77 976190.5 832942.2
78 259575.8 690105.4
79 602223.2 564799.3
80 581063.5 934603.6
81 882451.4 360877.2
82 263800.3 691170.0
83 493929.4 471517.6
84 796027.1 828191.1
85 408554.6 577558.2
86 20035.9 743108.3
87 421384.4 207070.0
88 225335.2 208048.3
89 666995.2 187992.8
90 594678.5 761088.0
91 605335.7 876603.6
92 76212.9 910394.7
93 3483.7 550265.9
94 318380.6 22955.3
95 810389.5 216467.8
96 173676.0 971726.9
97 813193.6 344413.8
98 562546.4 717519.5
99 350145.3 891964.6
0 2 67 19
1 2 30 14
2 0
3 4 73 37 77 97
4 8 41 80 83 11 15 0 28 19
5 5 92 57 30 49 70
6 0
7 0
8 2 14 21
9 10 38 98 49 70 42 91 13 27 84 97
10 0
11 10 0 19 96 17 24 59 15 77 66 36
12 1 38
13 2 34 9
14 3 27 0 94
15 7 5 87 55 70 44 63 62
16 2 14 30
17 7 56 48 77 9 15 29 84
18 7 67 24 42 69 83 66 10
19 0
t 3 633522.9 619045.7
