463828 0 0 0
463828 870069 1 0
463828 493324 1 0
304735 870069 0 0
261079 870069 0 0
528762 493324 0 0
966537 493324 0 0
304735 576926 1 0
304735 610394 1 0
261079 937716 1 0
261079 929560 1 0
528762 460539 1 0
528762 205327 1 0
966537 578895 1 0
966537 620386 1 0
152279 576926 0 0
219802 576926 0 0
443787 610394 0 0
396546 610394 0 0
72465 937716 0 0
160555 937716 0 0
350145 891965 -1 99
374723 967155 -1 2
490648 460539 0 0
509994 460539 0 0
762902 205327 0 0
631930 205327 0 0
774114 578895 0 0
715425 578895 0 0
970761 578713 -1 21
974490 620386 0 0
152279 132265 1 0
152279 335795 1 0
219802 645169 1 0
219802 745066 1 0
443787 134613 1 0
454778 447804 -1 8
396546 803981 1 0
396546 667328 1 0
61458.7 936400 -1 70
72465 905591 1 0
147435 939032 -1 33
173676 971727 -1 96
464475 438682 -1 15
516820 192954 -1 76
493929 471518 -1 83
526060 482395 -1 6
762902 59760.9 1 0
762902 73516 1 0
631930 398191 1 0
631930 332215 1 0
774114 530937 1 0
960285 508391 -1 5
715425 744115 1 0
715425 723903 1 0
972789 662058 -1 3
976190 832942 -1 77
69204.4 132265 0 0
94582.5 132265 0 0
280010 335795 0 0
243770 335795 0 0
213280 593976 -1 4
18221.9 645169 0 0
281173 745066 0 0
226324 824823 -1 13
375589 134613 0 0
379596 134613 0 0
366884 803981 0 0
385127 834979 -1 30
435005 667328 0 0
396902 724147 -1 18
83471.2 900787 -1 71
76212.9 910395 -1 92
555127 24775.6 -1 65
702365 59760.9 0 0
778608 60966.5 -1 26
820943 73516 0 0
531464 324589 -1 1
594721 471793 -1 39
766749 332215 0 0
807423 332215 0 0
529512 512247 -1 72
595083 530937 0 0
581134 744115 0 0
527983 744115 0 0
861137 723903 0 0
868797 723903 0 0
69204.4 87503.8 1 0
107403 121938 -1 47
94582.5 346429 1 0
125136 155253 -1 49
280010 218878 1 0
288041 111715 -1 37
240528 559875 -1 9
247011 512287 -1 55
11584.2 696361 -1 56
18221.9 780175 1 0
281173 690638 1 0
302771 665308 -1 34
318381 22955.3 -1 94
432797 18952.3 -1 22
379596 429186 1 0
379596 514205 1 0
366884 685837 1 0
396190 772983 -1 0
420339 640307 -1 40
449670 610510 -1 28
702365 192167 1 0
708044 94746.1 -1 17
817760 86065.4 -1 11
820943 103731 1 0
723109 299846 -1 75
810390 216468 -1 95
732395 364584 -1 19
807423 352646 1 0
587942 549628 -1 38
602223 564799 -1 79
581134 652665 1 0
617876 649399 -1 7
527983 851533 1 0
527983 768818 1 0
861137 675369 1 0
861137 650342 1 0
868797 792790 1 0
868797 979585 1 0
66226 60155 -1 61
31005.8 114853 -1 58
64029.4 142592 -1 24
3483.7 550266 -1 93
248657 218878 0 0
190534 295725 -1 54
20035.9 743108 -1 86
24859.7 817242 -1 62
259576 690105 -1 78
263800 691170 -1 82
334550 429186 0 0
331087 429186 0 0
409531 514205 0 0
399778 514205 0 0
337577 656622 -1 44
332406 685837 0 0
666995 187993 -1 89
696686 196342 -1 68
824127 103620 -1 35
855007 103842 -1 45
813194 344414 -1 97
882451 360877 -1 81
506314 652665 0 0
527769 652665 0 0
501091 838831 -1 12
464441 864235 -1 53
562698 768818 0 0
609139 768818 0 0
812974 663046 -1 10
741042 687692 -1 57
909300 610647 -1 32
881102 690038 -1 52
804949 784760 -1 14
847940 792790 0 0
925861 979585 0 0
874456 988402 -1 60
225335 208048 -1 88
271978 142030 -1 46
324645 306820 -1 74
344455 250273 -1 43
328468 553274 -1 59
333707 608099 -1 50
404324 479494 -1 66
409531 345432 1 0
391000 544615 -1 63
408555 577558 -1 85
332406 705754 1 0
348293 764357 -1 64
468235 624820 -1 42
544392 597654 -1 25
492992 707676 -1 31
562546 717520 -1 98
530717 753797 -1 23
594678 761088 -1 90
609139 820707 1 0
609139 899414 1 0
847940 814506 1 0
848983 864027 -1 67
919077 920394 -1 69
932645 970769 -1 16
421384 207070 -1 87
414737 483794 -1 48
331034 696455 -1 73
316518 715052 -1 51
554875 783838 -1 20
557083 820707 0 0
663404 828372 -1 27
636043 970457 -1 41
846897 800820 -1 29
796027 828191 -1 84
533103 857576 -1 36
557083 905604 1 0
605336 876604 -1 91
581064 934604 -1 80
